label	col_00	col_01	col_02	col_03	col_04	col_05	col_06	col_07	col_08	col_09	col_10
2	187 m/s	0.3806	sAN jOSE	bird	0.2359	1.0186	1.111	508	615	489	0.4353
3	592 m/s	0.2798	San Francisco	fish	0.9508	0.8774	0.8193	1071	810	405	0.6212
2	67 m/s	0.2322	San Jose	dog, rat	0.3709	0.9384	0.9946	560	966	71	0.2181
2	119 m/s	0.1558	?	rat, ferret	0.0691	0.8703	1.047	531	1135	201	0.0449
2	344 m/s	0.2795	Anaheim	ferret, rat	0.2196	0.6627	0.8959	557	955	170	0.2119
4	903 m/s	0.6246	Stockton	rabbit	0.4373	0.3545	-0.0455	-27	189	796	0.6362
4	995 m/s	0.7849	Fresno	rabbit	0.1763	0.3682	0.1499	107	51	1071	0.7201
4	771 m/s	0.5706	San Bernardino	chicken	0.3673	0.458	-0.025	-62	400	995	0.6266
5	936 m/s	0.8033	Bakersfield	bird	0.7549	0.1587	0.1367	203	382	591	0.5388
2	147 m/s	0.1392	Riverside	rat	-0.0881	0.975	0.9438	424	859	172	0.2913
2	150 m/s	0.3107	Anaheim	ferret	0.2622	0.8912	1.0048	705	657	-65	0.259
5	1117 m/s	0.5994	Santa Ana	bird	0.9383	0.1564	0.108	498	859	588	0.4843
4	541 m/s	0.6017	Oakland	chicken	0.1666	0.4195	0.0922	372	380	1002	0.6655
3	452 m/s	-0.08	Moreno Valley	fish	0.8402	0.8036	0.7232	885	806	388	0.5973
2	249 m/s	0.4511	Anaheim	rabbit	0.1429	1.0879	0.8273	554	1006	174	0.3532
5	839 m/s	1.0144	Bakersfield	bird	1.0188	0.339	0.311	152	836	444	0.3502
0	739 m/s	0.612	Modesto	pig	0.348	0.3399	0.9708	886	74	897	-0.0034
1	216 m/s	0.4667	Santa Clarita	guinea pig	0.6768	0.4462	0.3151	468	73	142	1.1333
1	306 m/s	0.3821	Irvine	guinea pig, hamster	0.3942	0.4801	0.3771	196	210	245	1.0684
4	653 m/s	0.8488	San Bernardino	rabbit	0.3071	0.4246	0.1534	0	125	925	0.7664
4	677 m/s	0.6439	Riverside	rabbit	0.3051	0.3187	0.1014	-12	460	900	0.6767
2	39 m/s	0.0424	Riverside	ferret, dog	0.2573	0.8656	0.9047	228	551	128	0.1969
1	358 m/s	0.5717	Irvine	guinea pig, reptile	0.5373	0.6354	0.3065	-31	162	271	1.0464
0	477 m/s	0.9051	Modesto	pig	0.3422	N/A	0.8397	704	593	717	0.2427
5	1172 m/s	0.8737	Sacramento	Cat	0.9625	0.003	0.2677	345	461	590	0.384
1	256 m/s	0.5282	Irvine	fish	0.3505	0.5911	0.08	61	12	223	0.684
5	994 m/s	0.99	Modesto	cat	0.7366	0.1449	0.4687	453	472	487	0.3879
4	770 m/s	0.6721	San Bernardino	rabbit	0.324	0.3675	0.0875	299	331	978	0.7392
4	582 m/s	0.582	Chula Vista	rabbit	0.5095	0.4609	0.2101	368	496	959	0.5415
4	None	0.7433	San Bernardino	rabbit	0.2978	0.3167	0.0694	22	435	780	0.8701
5	869 m/s	0.9769	Bakersfield	bird	0.7891	0.2926	0.4836	401	629	574	0.4276
1	356 m/s	0.5048	Modesto	guinea pig	0.7789	0.5191	0.6311	492	-316	272	0.9243
3	524 m/s	-0.0653	Moreno Valley	hamster	1.0193	0.578	0.5785	792	922	480	0.4706
1	173 m/s	0.4902	Irvine	hamster, reptile	0.4084	0.4904	0.1879	333	-77	216	1.0469
0	554 m/s	0.6975	Santa Clarita	?	0.4807	0.3516	0.5941	804	428	805	0.0282
3	490 m/s	0.0699	Santa Ana	fish	0.9487	0.7358	0.6238	865	830	400	0.8902
5	875 m/s	0.9474	San Diego	cat	0.8856	0.0502	0.6049	356	526	710	0.3981
5	776 m/s	0.9512	SACRAMENTO	cat	0.6851	0.0767	0.0	223	987	310	0.3646
5	1095 m/s	1.1345	Bakersfield	cat	1.1073	0.1679	0.1918	578	579	673	0.4712
0	537 m/s	0.6015	Modesto	chicken	0.292	0.4752	0.8207	676	-32	919	0.13
5	932 m/s	1.0577	Bakersfield	cat	0.7939	-0.0097	0.4804	385	680	397	0.3195
1	321 m/s	0.4748	Los Angeles	reptile	0.5035	0.7547	0.1691	212	76	229	0.9396
3	550 m/s	-0.0399	Moreno Valley	fish	1.4197	0.7978	0.5925	765	902	303	0.664
0	636 m/s	0.6663	Santa Clarita	chicken	0.2908	0.3217	0.6259	472	192	842	-0.049
3	368 m/s	0.0647	Modesto	fish	0.9983	0.8312	0.5395	1091	775	483	0.6511
3	526 m/s	0.1365	San Francisco	fish	0.855	0.7652	0.4895	1115	1194	430	0.9481
0	814 m/s	0.791	Modesto	chicken	0.1822	0.4805	0.7451	1096	340	847	0.0454
0	659 m/s	0.721	Modesto	chicken	0.2484	0.6085	0.6558	435	272	840	0.2989
4	690 m/s	0.4376	Chula Vista	rabbit	0.1966	0.2328	0.0882	-220	447	1005	0.7846
0	694 m/s	0.7716	Modesto	pig	0.1686	0.5683	0.6971	647	102	875	0.0713
3	664 m/s	0.3197	Anaheim	fish	0.7075	0.787	0.6605	894	N/A	465	0.7176
1	455 m/s	0.3682	Long Beach	rat, dog	0.5304	0.3718	0.1504	309	-140	71	0.9353
4	775 m/s	0.4081	San Bernardino	rabbit	0.4772	0.3507	0.1642	238	359	974	0.6453
0	708 m/s	0.6912	Modesto	chicken	0.2946	0.3906	0.4306	980	361	731	0.0797
1	395 m/s	0.5132	Los Angeles	guinea pig, hamster	0.806	0.5907	0.3367	553	115	265	0.9646
1	198 m/s	0.3906	Irvine	hamster	0.7218	0.5009	0.4053	523	-24	353	1.0148
3	559 m/s	0.1163	San Francisco	fish	1.0504	0.8461	0.6453	871	692	492	0.5734
3	567 m/s	0.1745	sAN fRANCISCO	fish	0.8581	0.7153	0.6226	862	690	224	0.8877
4	916 m/s	0.7313	Fresno		0.2671	0.3329	-0.0278	187	309	1049	0.4927
0	515 m/s	0.6099	Modesto	pig	0.3665	0.3436	0.7827	413	223	754	0.3308
2	212 m/s	0.3727	Anaheim	dog	0.1427	0.7793	1.0076	235	819	20	0.2394
4	761 m/s	0.553	Oakland	rabbit	0.2352	0.4521	-0.0975	109	502	1126	0.6405
4	731 m/s	0.7196	San Bernardino	rabbit	0.1282	0.3925	0.0625	343	499	1132	0.7683
2	83 m/s	0.4017	Anaheim	rat, dog	0.1789	0.9658	1.3626	742	820	223	0.5854
2	73 m/s	0.3569	Riverside	ferret	0.0976	0.9847	0.9611	288	738	44	0.2015
0	677 m/s	0.5889	Santa Clarita	pig	0.3054	0.2343	0.8729	781	219	703	0.2108
5	951 m/s	1.0232	San Diego	ferret	0.7037	0.1567	0.3885	441	753	653	0.3159
1	249 m/s	0.2697	Long Beach	guinea pig, reptile	0.7118	0.8191	0.4013	333	50	4	1.0283
1	476 m/s	0.5102	Long Beach	hamster, guinea pig	0.5059	0.6403	0.1506	445	137	309	0.9302
5	928 m/s	1.0916	Bakersfield	rabbit	0.9115	0.1121	0.1104	348	594	673	0.1655
4	808 m/s	0.5343	Chula Vista	dog	0.0681	0.2205	0.0815	79	445	914	0.3807
0	709 m/s	0.7243	Santa Clarita	chicken	0.3722	0.3178	0.8425	652	31	853	0.0996
5	742 m/s	0.8501	Santa Clarita	bird	0.7909	-0.0215	0.3389	549	697	680	0.4567
0	487 m/s	0.625	santa clarita	pig	0.1792	0.6039	0.6809	604	226	664	0.069
5	931 m/s	0.9403	Sacramento	cat	0.5937	0.0323	0.3879	123	567	622	0.268
5	1029 m/s	0.8241	Bakersfield	bird	0.8538	-0.0322	0.3874	398	579	438	0.6265
5	1075 m/s	0.9716	bAKERSFIELD	bird	0.7792	0.153	0.272	412	592	582	0.5977
3	365 m/s	0.1357	Moreno Valley	chicken	0.6844	0.773	0.5662	829	940	535	0.7984
2	126 m/s	0.348	San Jose	dog, rat	0.2445	0.944	1.1329	444	881	96	0.4442
0	459 m/s	0.6563	Modesto	pig	0.3792	0.3568	0.8102	840	215	899	0.1554
4	876 m/s	0.8187	Stockton	bird	0.3223	0.3048	0.0475	-92	533	941	0.4915
4	886 m/s	0.4662	Fresno	rabbit	0.245	0.5084	0.1022	-107	453	917	0.6523
1	331 m/s	0.3692	Irvine	reptile, guinea pig	0.6394	0.7245	0.1509	212	69	316	1.1463
4	549 m/s	0.6365	Stockton	rabbit	0.1188	0.4561	-0.1275	128	645	846	0.6805
5	878 m/s	1.0113	Sacramento	bird	1.0238	-0.0119	0.1704	299	428	374	0.626
3	508 m/s	-0.0563	San Francisco	fish	1.1325	0.7981	0.4694	725	666	291	0.7568
4	795 m/s	0.5189	San Bernardino	rabbit	0.344	0.2334	0.4667	276	359	989	0.7032
4	683 m/s	0.5857	Chula Vista	Rabbit	0.0882	0.0892	0.4042	41	412	955	0.2486
5	932 m/s	1.0978	Bakersfield	bird	0.8128	-0.0725	0.4965	212	883	457	0.505
4	862 m/s	0.5767	Oakland	rabbit	0.3907	0.2128	0.0399	-25	546	932	0.7702
5	1171 m/s	1.0145	Bakersfield	pig	0.8169	0.0726	0.1862	235	517	659	0.3371
2	244 m/s	0.3726	Riverside	ferret, rat	0.2249	1.066	1.1276	498	809	197	0.4383
4	765 m/s	0.7956	Stockton	rabbit	0.1408	0.3952	0.1747	150	890	1021	0.5328
2	140 m/s	0.2862	San Jose	rat, ferret	0.164	0.6497	0.957	1052	1073	-43	0.3099
3	428 m/s	0.2955	Santa Ana	fish	0.9356	0.6502	0.6795	1209	794	601	0.8241
4	670 m/s	0.6812	Modesto	rabbit	0.3696	0.5034	0.0901	197	544	1068	0.6478
5	946 m/s	1.0046	Irvine	cat	0.6889	0.026	0.0618	231	407	534	0.2757
4	864 m/s	0.5607	Stockton	rabbit	-0.085	0.0436	-0.032	160	627	926	0.6153
0	627 m/s	0.7605	Modesto	pig	0.2795	0.376	0.8267	846	100	878	0.271
2	45 m/s	0.0162	San Jose	ferret, dog	0.1639	1.1495	1.0449	462	999	181	0.1075
0	510 m/s	0.5788	Modesto	chicken	0.5692	0.657	0.6019	612	297	814	0.3208
3	546 m/s	0.0852	Moreno Valley	?	1.0329	0.7308	0.6572	816	912	328	0.8368
2	215 m/s	0.2852	Irvine	ferret	0.1296	0.8914	1.091	875	802	109	0.5682
1	365 m/s	0.511	Irvine	hamster, guinea pig	0.6686	0.5199	0.2722	289	513	382	0.9355
0	504 m/s	0.6614	Modesto	chicken	0.2851	0.2254	0.5229	n/a	470	742	0.3407
1	370 m/s	0.5321	San Jose	guinea pig, hamster	0.5769	0.4993	0.3688	382	-206	217	1.0449
2	228 m/s	0.1853	Anaheim	chicken	0.049	0.8527	0.8698	979	918	231	0.1025
2	242 m/s	0.4709	San Jose	?	0.0745	0.9002	0.9393	617	699	194	
2	177 m/s	0.2858	Riverside	rat	0.0992	1.0513	1.1812	459	778	189	0.4196
0	467 m/s	0.6334	Modesto	reptile, hamster	0.512	0.2752	0.4781	827	92	844	0.4163
1	311 m/s	0.5857	Los Angeles	chicken	0.823	0.7506	0.2623	333	-285	382	0.8884
2	65 m/s	0.0924	Santa Ana	ferret, rat	0.1437	0.967	0.7716	1022	836	15	0.2585
1	285 m/s	0.4195	Irvine	reptile	0.5864	0.3829	0.2376	229	202	358	0.9271
1	497 m/s	0.4774	N/A	hamster	0.6685	0.527	0.3486	558	62	364	0.952
2	222 m/s	0.2699	San Jose	dog, ferret	0.2298	0.9959	0.7855	418	771	132	0.4634
2	143 m/s	0.1924	San Jose	rat	0.338	1.0558	0.9001	411	740	121	0.3783
4	883 m/s	0.6229	Chula Vista	rabbit	0.5582	0.1571	0.0757	298	289	996	0.4245
3	604 m/s	0.3825	San Francisco	fish	0.8961	0.9332	0.6903	976	576	424	0.7467
1	290 m/s	0.3846	Fremont	guinea pig, hamster	0.7854	0.4993	0.3336	71	?	60	0.891
3	601 m/s	-0.0576	Modesto	fish	0.7569	0.579	0.687	756	981	302	0.792
2	33 m/s	0.2493	Anaheim	rat, ferret	-0.0908	1.0911	0.9943	611	926	209	0.3102
4	914 m/s	0.6833	Santa Clarita	rabbit	0.1876	0.5576	-0.1046	86	444	770	0.6394
2	149 m/s	0.0769	Santa Clarita	dog, ferret	0.0644	0.8615	1.2083	391	1212	233	0.1347
0	700 m/s	0.6672	Santa Clarita	chicken	0.3222	0.3215	0.3537	1009	115	794	-0.0305
0	561 m/s	0.4073	Santa Clarita	pig	0.3918	0.3748	0.689	858	342	687	0.1891
2	98 m/s	0.4898	San Jose	dog, rat	0.138	1.1046	0.8709	594	961	-4	0.3154
3	528 m/s	0.0885	Santa Ana	fish	0.9921	0.6574	0.643	781	1074	273	0.7742
5	789 m/s	1.1308	Sacramento	bird	0.9659	0.0609	0.4635	186	481	615	0.6142
1	238 m/s	0.4018	Irvine	reptile, hamster	0.6089	0.5706	0.0638	461	334	222	1.0786
1	442 m/s	0.5282	Fremont	chicken	0.7355	0.6953	0.1889	-8	-85	181	1.0101
2	278 m/s	0.3104	Anaheim	rat	0.1908	1.0999	1.0251	340	1239	110	0.4641
4	771 m/s	0.5738	Stockton	rabbit	0.1596	0.3307	0.1027	92	384	1059	0.6691
4	755 m/s	0.8336	San Bernardino	rabbit	0.1167	0.2011	-0.0073	242	102	1096	0.557
5	1016 m/s	1.0734	Bakersfield	cat	0.5102	0.0931	0.5793	458	831	420	0.2815
0	711 m/s	0.6903	Santa Clarita	pig	0.2698	0.2205	0.512	491	431	1006	0.2565
0	672 m/s	0.9252	Modesto	Chicken	0.2996	0.3762	0.9083	653	357	738	0.0974
0	486 m/s	0.7753	Modesto	CHICKEN	0.4841	0.4458	0.7051	824	412	557	0.3028
3	644 m/s	0.1266	Moreno Valley	fish	0.8577	0.721	0.6568	854	760	603	0.8197
1	283 m/s	0.436	Irvine	hamster, guinea pig	0.7421	0.5357	NULL	169	45	142	1.1869
2	218 m/s	0.2192	San Jose	dog	0.0719	0.9418	1.1105	582	732	-19	0.3957
0	588 m/s	0.5986	Modesto	rat, dog	0.0871	0.5003	0.7505	736	58	863	0.1749
0	650 m/s	0.5015	Santa Clarita	chicken	0.3861	0.3623	0.3664	807	281	708	0.2772
2	445 m/s	0.184	Anaheim	dog	-0.0431	0.8133	0.8208	345	560	343	0.3039
4	872 m/s	0.5791	Stockton	rabbit	0.2142	0.0546	-0.1997	264	489	840	0.5112
1	431 m/s	0.48	Riverside	guinea pig	0.6802	0.6106	0.4775	124	61	354	0.9406
4	771 m/s	0.6692	Stockton	rabbit	0.2798	0.1302	0.3187	141	342	1010	0.3793
3	579 m/s	0.2673	Moreno Valley	fish	1.0146	0.7259	0.8775	714	702	297	1.0238
1	430 m/s	0.3832	Long Beach	hamster, reptile	0.673	0.271	0.2633	222	181	343	0.9411
0	550 m/s	0.494	Santa Clarita	pig	-0.0364	0.4168	0.7414	966	423	N/A	0.1129
1	271 m/s	0.3489	Irvine	guinea pig, hamster	0.6657	0.5159	0.2678	496	99	179	0.9156
1	380 m/s	0.4135	Santa Ana	reptile, guinea pig	0.5878	0.6307	0.1734	531	-97	200	0.9664
3	432 m/s	0.2186	Moreno Valley	fish	0.8369	0.6705	0.7503	956	811	268	0.7001
5	968 m/s	0.7298	Santa Ana	bird	0.9059	-0.0401	0.3528	382	755	535	0.3876
2	60 m/s	0.1204	Anaheim	ferret, dog	-0.1317	0.9153	0.7676	388	976	433	0.4106
5	1002 m/s	0.8987	Bakersfield		0.976	0.0969	0.4542	403	455	627	0.5839
3	309 m/s	0.2062	San Francisco	cat	0.8211	0.7984	0.8959	966	898	465	0.7925
1	None	0.2173	Long Beach	hamster, reptile	0.5561	0.4921	0.3865	285	118	294	0.8987
2	168 m/s	0.3352	Riverside	rat, ferret	0.1529	0.6627	1.0065	427	757	-28	0.3755
0	689 m/s	0.7706	Modesto	chicken	0.2907	0.4536	0.759	770	262	757	0.1711
0	545 m/s	0.6725	Santa Clarita	chicken	0.4786	0.4354	0.737	1000	267	741	0.0759
0	529 m/s	0.5428	Modesto	pig	0.2475	0.2856	0.7026	706	201	759	0.2329
4	730 m/s	0.6655	Chula Vista	rabbit	0.3223	0.1829	-0.0951	271	426	903	0.6294
5	965 m/s	0.8773	Sacramento	bird	0.9458	0.1437	0.1375	272	738	499	0.5144
1	408 m/s	0.7521	Long Beach	hamster, reptile	0.482	0.6066	0.1151	289	223	187	0.8984
0	643 m/s	0.8263	Modesto	fish	0.281	0.2892	0.79	1171	177	801	0.1602
5	934 m/s	0.9391	Sacramento	BIRD	0.9262	-0.0311	0.2801	270	675	536	0.5647
0	599 m/s	0.8208	Modesto	pig	0.6158	0.2091	0.5159	766	354	745	0.1586
3	748 m/s	0.2171	Santa Ana	fish	1.1587	0.7813	0.6748	811	1144	501	0.9013
1	343 m/s	0.4801	Los Angeles	pig	0.5228	0.5466	0.3054	349	-25	260	1.0312
5	1004 m/s	1.1319	Santa Ana	bird	0.8661	0.1598	0.308	351	532	516	0.6535
0	650 m/s	0.4033	Santa Clarita	chicken	0.3103	0.461	0.7998	973	-21	687	0.3048
1	338 m/s	0.4402	Fremont	guinea pig	0.7087	0.5591	0.1415	338	-203	107	0.8885
5	943 m/s	0.8041	Fresno	cat	0.7413	-0.0692	0.4568	130	611	567	0.408
3	451 m/s	0.0515	Moreno Valley	fish	0.8836	0.731	0.5011	896	979	438	0.6988
0	580 m/s	0.6739	santa clarita	pig	0.2118	0.4339	0.8303	N/A	232	841	0.2327
3	497 m/s	0.0928	Santa Ana	fish	0.8933	0.8371	0.6921	914	912	513	1.0672
4	897 m/s	0.7782	San Francisco	rabbit	?	0.5298	0.0872	412	376	916	0.3755
3	391 m/s	0.0404	San Francisco	fish	0.7508	0.8644	0.5334	746	766	567	0.5445
2	45 m/s	0.2678	Anaheim	fish	0.0989	1.0003	0.9472	776	795	196	0.3431
1	169 m/s	0.3483	Fremont	hamster, reptile	0.7788	0.6034	0.2975	481	284	247	0.7333
0	668 m/s	0.7465	Santa Clarita	chicken	0.14	0.4825	0.6942	873	363	711	0.058
3	423 m/s	-0.0214	Santa Ana	fish	1.0949	0.6112	0.753	424	1099	456	0.8741
2	19 m/s	0.4307	Anaheim	rat	0.065	0.7544	0.9828	752	756	13	0.1211
1	393 m/s	0.1714	Fremont	reptile, hamster	0.5669	0.4278	0.3812	218	311	392	1.0025
3	522 m/s	0.2325	Moreno Valley	fish	0.7414	0.6839	0.574	1148	875	175	1.1678
5	865 m/s	0.659	San Diego	bird	0.9522	0.1237	0.3372	385	432	436	0.5166
1	250 m/s	0.427	San Francisco	reptile, guinea pig	0.4527	0.4668	0.0549	299	-189	207	1.0203
1	274 m/s	0.3898	Los Angeles	guinea pig, reptile	0.7274	0.5743	0.1195	346	-51	95	0.9524
5	871 m/s	0.9818	Sacramento	cat	0.7998	0.08	0.4489	408	734	753	0.1944
5	829 m/s	1.0534	Bakersfield	cat	0.9753	0.1966	0.2717	540	756	452	0.5842
5	950 m/s	0.7319	Sacramento	Bird	0.6622	0.1865	0.4386	372	804	332	0.3101
3	309 m/s	0.12	Moreno Valley	fish	0.8458	0.7815	0.4797	879	1007	497	0.8516
1	390 m/s	0.1387	Fremont	hamster, guinea pig	0.6518	0.5295	0.2039	592	274	275	0.9027
3	557 m/s	0.2388	San Francisco	fish	1.1402	0.7162	0.5598	882	974	283	0.8074
5	N/A	0.8439	Moreno Valley	bird	0.5845	-0.039	0.2642	295	717	511	0.3473
1	417 m/s	0.4016	Fremont	guinea pig	0.6471	0.665	None	144	109	352	1.044
1	340 m/s	0.5967	Fremont	reptile, hamster	0.445	0.6148	0.2998	410	30	244	0.7521
4	765 m/s	0.8076	Fresno	rabbit	0.1978	-0.0145	0.3043	232	315	1094	0.7876
0	698 m/s	0.4849	Santa Clarita	pig	0.452	0.3793	0.8661	740	287	764	0.0967
0	614 m/s	0.9004	Modesto	pig	0.2202	0.318	0.6603	717	465	965	0.2753
1	356 m/s	0.3097	Long Beach	guinea pig	0.7275	0.551	0.1171	33	300	259	0.9963
1	354 m/s	0.4054	Irvine	hamster	0.4919	0.6007	0.3323	241	-127	174	1.1049
0	555 m/s	0.8335	Santa Clarita	chicken	0.3372	0.4108	0.8955	882	431	715	0.1135
0	558 m/s	0.6309	Modesto	pig	0.4992	0.3795	0.496	624	9	851	0.1284
1	306 m/s	0.4008	Fremont	guinea pig	0.7249	0.6631	0.3787	77	31	380	0.8761
0	726 m/s	0.5086	Santa Clarita	chicken	0.3112	0.457	0.7392	439	356	1016	-0.0681
5	1051 m/s	0.972	Bakersfield		0.7978	0.0179	0.1895	26	949	453	0.6672
5	n/a	1.2068	Sacramento	cat	0.8933	0.2014	0.5211	272	864	522	0.7083
1	349 m/s	0.3265	Irvine	Reptile	0.5478	0.4957	0.0744	483	279	206	0.8082
4	913 m/s	0.6242	Chula Vista	rabbit	0.2722	0.2542	0.1639	152	118	706	0.6986
1	460 m/s	0.4073	Sacramento	hamster, guinea pig	0.5476	0.4562	0.1521	349	35	354	0.8401
3	609 m/s	0.2395	San Bernardino	fish	0.9898	0.7616	0.6391	885	880	554	0.9982
0	737 m/s	0.4489	Modesto	chicken	0.2486	0.4636	0.6299	484	162	767	0.141
0	609 m/s	0.6587	Modesto	pig	0.0064	0.2853	0.6944	570	368	884	0.0814
0	456 m/s	0.7646	Santa Clarita	pig	0.5091	0.2821	0.6372	1026	435	840	0.1816
5	832 m/s	0.9415	San Diego	cat	0.8876	0.0	0.3536	N/A	1062	717	0.4579
3	379 m/s	-0.1797	Moreno Valley	fish	0.7949	0.7352	0.5643	754	863	372	0.8957
3	478 m/s	0.3256	Santa Ana	rabbit	0.9826	0.6643	0.7976	933	868	602	0.6752
2	116 m/s	0.3446	Riverside	dog, rat	0.005	1.0077	1.0399	757	895	100	0.3738
1	228 m/s	0.449	Fremont	reptile, guinea pig	0.787	0.475	-0.0435	409	36	419	0.9305
5	1045 m/s	0.9318	Sacramento	cat	0.7026	0.0473	0.3109	412	741	674	0.5515
5	1003 m/s	0.9572	San Diego	cat	0.5908	-0.0302	0.2585	107	463	595	0.4489
3	420 m/s	0.0806	Riverside	fish	0.9184	0.6811	0.6208	1338	1016	316	0.7441
5	912 m/s	1.0636	San Diego	cat	0.8371	0.3044	0.2886	512	509	536	0.4897
1	293 m/s	0.3745	Los Angeles	guinea pig, reptile	0.7099	0.636	0.2218	103	472	-34	0.9569
3	590 m/s	0.1524	Moreno Valley	fish	0.9145	0.5644	0.5925	953	916	379	0.9122
3	393 m/s	-0.0545	San Francisco	fish	1.2395	0.766	0.5651	1194	1027	376	0.7495
5	1055 m/s	0.9051	San Diego	bird	0.8435	0.1256	0.1182	241	389	603	0.2839
3	599 m/s	-0.0289	Modesto	fish	0.8861	0.8273	0.7598	1031	1001	404	0.8676
5	1003 m/s	0.8139	Bakersfield	bird	0.8229	0.0396	0.4282	652	675	587	0.4593
1	355 m/s	0.4996	Irvine	hamster	?	0.538	0.466	380	132	220	0.9687
1	467 m/s	0.2848	Irvine	reptile	0.3348	0.6057	0.4111	122	17	314	0.8132
0	763 m/s	0.7893	Modesto	pig	0.2086	0.4483	0.9726	740	265	743	0.2241
0	579 m/s	0.723	Santa Clarita	pig	0.2967	0.476	0.7784	712	572	811	-0.0414
4	672 m/s	0.9724	Oakland	rabbit	0.1054	0.3102	0.1962	393	610	1068	0.5804
2	114 m/s	0.1032	Anaheim	rat, ferret	-0.0182	0.784	1.0763	550	858	282	0.2391
2	130 m/s	0.1916	Riverside	dog, rat	0.1845	0.9749	0.699	645	609	24	0.3397
1	471 m/s	0.5203	Fremont	guinea pig	0.4501	0.2941	0.1748	36	81	351	0.8019
2	206 m/s	0.1376	San Jose	ferret	0.1881	1.1283	1.364	626	861	64	0.5174
1	416 m/s	0.2916	Los Angeles	fish	0.7119	0.571	0.087	415	403	264	0.7938
1	647 m/s	0.4992	Fremont	reptile	0.6684	0.6574	0.2998	439	376	115	0.7538
1	383 m/s	0.4027	Irvine	cat	0.5937	0.666	0.0369	293	81	219	0.8987
2	231 m/s	0.3439	Anaheim	dog	0.0168	0.9844	1.2087	455	641	8	0.1762
0	912 m/s	0.7976	Santa Clarita	chicken	0.3905	0.5014	0.8	547	244	763	-0.1334
1	280 m/s	0.5705	Long Beach	hamster, reptile	0.7572	0.6733	0.2849	437	137	234	0.8248
4	757 m/s	0.6181	Fresno	rat, ferret	0.3036	0.6057	0.2159	263	675	842	0.6794
4	761 m/s	0.7971	Stockton	rabbit	0.2197	0.2807	-0.0159	437	471	932	0.471
5	761 m/s	0.9088	San Diego	cat	1.0074	-0.0948	0.3933	444	523	732	0.486
2	209 m/s	0.2906	ANAHEIM	dog	0.1262	0.9748	1.0304	749	779	65	0.2557
4	809 m/s	0.6403	Oakland	rabbit	0.0838	0.1672	0.1429	-15	643	967	0.442
5	846 m/s	1.0106	San Diego	bird	0.7328	-0.1198	0.5266	400	466	643	0.3653
1	278 m/s	0.2661	Irvine	rabbit	0.5902	0.9309	0.2456	102	207	352	0.815
1	523 m/s	0.4093	Los Angeles	guinea pig	0.6075	0.3896	0.4252	460	234	292	0.7249
3	194 m/s	0.0297	Santa Ana	fish	1.0169	0.857	0.726	609	1003	364	0.6234
5	944 m/s	1.0884	Bakersfield	bird	0.963	0.1433	0.3549	350	459	760	0.5274
3	417 m/s	-0.0284	Santa Ana	fish	0.9375	0.7946	0.6284	896	809	521	0.8324
3	356 m/s	-0.0158	Sacramento	fish	1.0157	0.5837	0.6838	941	903	277	1.0542
3	None	0.0058	San Francisco	fish	0.9356	0.6948	0.5234	991	910	302	0.8144
0	675 m/s	0.6731	Modesto	pig	0.2588	0.3898	0.6635	969	205	668	0.0331
0	702 m/s	0.593	Santa Clarita	pig	0.3916	0.3798	0.7536	719	557	734	0.2217
3	283 m/s	0.0848	San Diego	reptile, hamster	0.8389	0.8097	0.5802	944	712	338	0.7197
0	313 m/s	0.6257	Santa Clarita	pig	0.5137	0.1878	0.7285	991	486	790	0.0294
0	450 m/s	0.7909	Modesto	fish	0.3073	0.4336	0.7746	930	296	978	0.4001
0	703 m/s	0.6275	Santa Clarita	pig	0.2797	0.3257	0.6538	789	242	643	0.054
5	1003 m/s	0.7279	San Diego	bird	0.7182	0.1099	0.296	491	486	647	0.098
3	435 m/s	0.0312	Santa Ana	fish	0.8723	0.7369	0.6329	638	717	261	0.8192
0	498 m/s	0.6999	Modesto	bird	0.478	0.498	1.0899	826	196	735	-0.0718
4	686 m/s	0.5296	sAN bERNARDINO	chicken	0.4878	0.3302	0.0735	400	578	N/A	0.6567
4	677 m/s	0.7234	Chula Vista	rabbit	0.307	0.1283	-0.0901	189	161	876	n/a
5	1051 m/s	0.758	Oakland	cat	0.8677	0.0341	0.3605	309	704	547	0.3827
0	529 m/s	0.7791	NULL	chicken	0.4356	0.3048	0.7672	527	405	687	0.1335
1	116 m/s	0.3833	Santa Ana	chicken	0.5443	0.4504	0.5327	394	-6	315	0.831
2	186 m/s	0.2054	Anaheim	dog, rat	0.2009	1.0563	0.9268	687	704	-4	0.2234
5	856 m/s	1.0232	Sacramento	bird	1.0745	0.0969	0.4837	329	782	610	0.5076
5	859 m/s	N/A	Bakersfield	bird	0.8716	0.0929	0.2536	273	556	609	0.3914
1	227 m/s	0.3816	Irvine	chicken	n/a	0.5392	0.106	235	153	386	1.0988
1	304 m/s	0.3806	Los Angeles	reptile, hamster	0.5146	0.5806	0.0846	428	-16	322	1.0304
3	462 m/s	0.0133	Anaheim	fish	1.2286	0.8296	0.4993	1029	1042	283	0.7213
2	173 m/s	0.2732	San Jose	rat	0.2694	0.8761	0.8597	988	749	89	0.237
3	491 m/s	0.1388	Santa Ana	fish	1.0052	0.6941	0.7758	934	841	461	0.858
1	314 m/s	0.475	Los Angeles	guinea pig	0.5423	0.3658	0.2201	269	75	471	0.8901
5	906 m/s	0.9157	Bakersfield	bird	0.6954	0.1673	0.6029	733	660	270	0.5031
1	132 m/s	-0.0638	Fremont	hamster, guinea pig	0.5803	0.6355	-0.0663	92	-16	319	1.1494
5	870 m/s	0.9608	Sacramento	cat	1.1388	-0.0781	0.3992	518	954	655	0.3471
5	927 m/s	n/a	San Diego	fish	0.6456	0.341	0.4063	404	746	617	0.529
2	211 m/s	0.2398	Riverside	dog	0.1185	1.0724	1.0678	390	653	227	0.2477
0	702 m/s	0.5548	Santa Clarita	chicken	0.1545	0.6041	0.4206	669	237	708	0.0386
3	428 m/s	-0.2876	Santa Ana	fish	0.8448	0.8153	0.5815	1149	905	506	0.8653
3	411 m/s	0.1206	Santa Ana	fish	0.9745	0.9222	0.5071	825	508	548	0.7716
5	823 m/s	0.8687	Sacramento	cat	0.8041	0.0735	0.4984	510	793	457	0.4463
0	439 m/s	0.4144	Riverside	pig	0.477	0.5066	0.6733	959	419	820	-0.014
3	426 m/s	-0.0766	San Francisco	guinea pig, reptile	0.7861	0.8815	0.7329	729	1002	198	0.9499
3	404 m/s	0.0593	Moreno Valley	fish	1.0181	0.7535	0.6456	937	1005	181	0.8144
3	209 m/s	-0.0199	Moreno Valley	fish	0.8757	0.6957	0.7461	888	1259	428	0.6734
0	780 m/s	0.5154	Santa Clarita	pig	0.2416	0.6864	0.9225	830	805	654	-0.0228
0	550 m/s	0.7701	Modesto	pig	0.4876	0.3987	0.808	1209	148	738	0.0898
4	793 m/s	0.4926	cHULA vISTA	rabbit	0.1537	0.3209	0.1186	136	425	832	0.7356
2	181 m/s	0.3469	Fremont	reptile	0.0308	1.0635	1.0088	779	836	194	0.3447
3	430 m/s	0.2252	Santa Ana	fish	0.7707	0.6669	0.6119	624	1183	471	0.6993
3	488 m/s	0.3468	Santa Ana	chicken	1.0643	0.894	0.6809	601	965	467	0.8657
0	599 m/s	0.6355	MODESTO	chicken	0.502	0.331	0.7753	632	413	920	-0.0674
5	835 m/s	1.0928	San Diego	cat	0.8889	0.051	0.2361	209	584	600	0.1045
1	284 m/s	0.3371	Long Beach	reptile, guinea pig	0.5791	0.6244	0.2667	406	45	41	0.9454
0	569 m/s	0.8002	Santa Clarita	pig	0.6449	0.3415	0.6498	740	441	999	0.1789
0	412 m/s	0.5072	Fremont	pig	0.4872	0.4978	0.7392	898	354	782	0.0535
0	558 m/s	0.4339	modesto	chicken	0.5678	0.5158	0.6341	809	200	886	0.0157
3	567 m/s	-0.0752	Moreno Valley	fish	0.6976	0.8053	0.4732	843	850	202	0.8626
5	872 m/s	1.1064	San Diego	bird	0.819	0.1626	0.3897	25	337	462	0.5235
0	779 m/s	0.4454	Modesto	chicken	0.3694	0.3568	0.6408	812	-33	687	-0.0318
1	470 m/s	0.5019	Long Beach	reptile	0.5766	0.5219	0.1519	0	251	120	1.0025
5	1025 m/s	1.0781	Sacramento	cat	0.715	0.0829	0.2465	245	852	785	0.4688
3	604 m/s	-0.2047	Santa Ana	fish	0.7493	0.754	0.2976	950	936	483	0.8825
3	445 m/s	0.3317	San Francisco	fish	0.8635	0.7765	0.4873	1082	960	195	0.7878
1	238 m/s	0.7026	San Francisco	reptile, guinea pig	0.5844	0.5945	0.2543	308	-14	546	0.9954
2	175 m/s	0.2359	SAN JOSE	dog, ferret	-0.0152	1.0562	1.1755	436	767	44	0.2285
2	190 m/s	0.1969	ANAHEIM	fish	0.128	1.0075	0.9269	621	442	29	0.1992
0	474 m/s	0.499	Modesto	pig	0.2543	0.4467	0.8436	873	-8	706	0.1498
3	432 m/s	0.041	Moreno Valley	fish	0.9709	0.621	0.5278	933	921	468	0.6605
4	811 m/s	0.73	San Bernardino	rabbit	0.1128	0.3479	0.2168	203	467	882	0.7762
3	538 m/s	-0.041	San Francisco	fish	0.9051	0.8001	0.4043	783	691	422	1.1942
0	573 m/s	0.6959	San Francisco	chicken	0.5133	0.4257	0.7782	877	38	735	0.2367
3	380 m/s	0.0412	San Francisco	fish	0.8344	0.6288	0.5884	751	1018	332	0.7815
5	1079 m/s	0.9709	San Diego	bird	1.0024	0.1021	0.2322	130	480	482	0.516
5	972 m/s	0.8244	San Diego	BIRD	1.0027	0.0406	0.4408	342	700	542	0.4496
4	801 m/s	0.5073	Oakland	rabbit	0.3152	0.5145	-0.0194	206	?	897	0.8273
5	837 m/s	1.0165	Bakersfield	rat, dog	0.7764	0.0448	0.5581	586	396	818	0.6077
3	544 m/s	0.0103	Santa Ana	fish	0.9278	0.7811	0.5812	885	883	560	0.7569
5	956 m/s	1.0377	Bakersfield	cat	0.7585	0.0083	0.5928	274	908	324	0.3975
5	877 m/s	0.8113	San Diego	bird	0.8727	0.1889	0.2719	410	546	591	0.4595
2	106 m/s	0.0704	Fremont	ferret	0.0924	0.9729	1.1234	784	879	165	0.2718
0	541 m/s	0.7351	Modesto	chicken	0.2857	0.1152	0.8853	802	445	863	0.1652
2	246 m/s		Riverside	rat	0.1694	0.9003	0.7101	509	836	309	0.3887
1	385 m/s	0.2089	Los Angeles	reptile, hamster	0.7814	0.2938	0.1482	318	94	187	0.8767
4	719 m/s	0.4661	Stockton	rabbit	0.4342	0.3101	0.1873	183	726	975	0.8998
2	92 m/s	0.1195	Modesto	dog, rat	0.1021	1.0636	1.0398	373	547	-8	0.3639
2	275 m/s	0.4866	aNAHEIM	ferret	-0.1058	1.2043	0.9164	507	706	77	0.3937
4	1002 m/s	n/a	Stockton	rabbit	0.3936	0.1529	0.439	119	672	1058	0.8324
3	541 m/s	-0.2052	San Francisco	fish	0.8759	0.4745	0.4163	1012	880	331	1.142
1	440 m/s	0.529	Irvine	rabbit	0.6671	0.5082	0.2291	116	261	256	0.9276
5	1123 m/s	1.0052	Modesto	bird	1.0579	0.0021	0.1175	187	543	607	0.5257
5	1120 m/s	1.18	Sacramento	bird	0.7186	0.0841	0.2908	381	694	393	0.6385
3	416 m/s	0.0184	Santa Ana	guinea pig	0.9453	0.7865	0.1747	1187	1043	289	0.8305
2	318 m/s	0.3594	Anaheim	rat, dog	0.1244	1.0434	0.9107	409	685	101	0.5037
3	466 m/s	0.132	MORENO VALLEY	fish	1.0589	0.7363	0.6424	1136	496	449	0.7819
3	509 m/s	0.027	San Francisco	?	0.9688	0.6862	0.8133	1137	535	492	0.5801
0	618 m/s	0.688	Bakersfield	pig	0.559	0.421	0.7323	850	285	604	-0.0536
3	583 m/s	0.2677	San Francisco	fish	0.8659	0.9628	0.6267	1150	804	367	0.8562
1	300 m/s	0.387	Los Angeles	guinea pig	0.6878	0.5833	0.2548	310	-225	459	0.7434
0	549 m/s	0.6669	Santa Clarita	chicken	0.5734	0.5047	0.8129	796	394	894	0.175
2	290 m/s	0.2989	San Jose	rat	0.1798	?	0.8236	940	872	53	0.2028
3	543 m/s	-0.0008	San Francisco	fish	0.9668	0.7341	0.3647	1181	977	133	0.8986
1	324 m/s	0.4919	Irvine	reptile	0.6541	0.5757	0.3019	125	151	300	0.8382
2	120 m/s	0.1239	Long Beach	cat	-0.0937	0.8748	1.0749	619	851	-16	0.0844
1	384 m/s	0.3097	Irvine	hamster, guinea pig	0.4736	0.7062	0.1957	401	-138	220	1.0869
5	1048 m/s	1.1238	Sacramento	bird	0.7242	0.1119	0.3269	404	926	554	0.5809
5	980 m/s	0.9475	BAKERSFIELD	fish	0.851	0.1874	0.3902	474	602	647	0.6443
5	872 m/s	0.8769	Sacramento	bird	0.8951	0.1788	0.2954	143	442	509	0.6598
3	448 m/s	0.0174	Moreno Valley	fish	0.9468	0.8663	0.6802	1192	885	313	0.8957
2	139 m/s	0.2248	San Jose	ferret, dog	0.0222	0.9331	1.024	503	963	108	0.353
2	173 m/s	0.2802	San Jose	dog	-0.1149	0.882	1.0111	763	1010	34	0.1721
3	403 m/s	0.1035	Sacramento	fish	0.936	0.8324	0.5409	812	812	294	0.7011
3	598 m/s	0.2338	Sacramento	fish	0.8012	0.8394	0.5452	589	959	255	0.9328
3	418 m/s	0.0822	Moreno Valley	fish	0.9317	0.7887	0.5003	1077	898	357	0.8036
1	269 m/s	0.6306	Irvine	Hamster	0.5245	0.5285	0.4062	132	407	277	1.0422
2	214 m/s	0.2113	Modesto	ferret, rat	0.1423	0.9741	1.019	656	767	265	0.2928
2	221 m/s	0.1647	San Jose	rat	0.0023	1.181	0.9993	995	1030	19	0.4879
4	806 m/s	0.6064	Fresno	rabbit	0.225	0.3801	0.1791	N/A	284	907	0.7118
4	764 m/s	0.6081	San Bernardino	rabbit	0.2014	0.385	0.1573	72	231	1055	0.7408
0	646 m/s	0.6302	Santa Clarita	chicken	0.3068	0.5196	0.8168	627	-11	1040	0.117
4	795 m/s	0.5529	San Bernardino	rabbit	0.3251	0.263	-0.0136	270	425	990	0.5721
0	599 m/s	0.428	Santa Clarita	rabbit	0.3486	0.3671	0.913	1032	275	533	0.3711
0	571 m/s	0.6673	Santa Clarita	pig	0.3844	0.5489	0.5985	578	4	668	0.162
3	400 m/s	0.3802	Santa Ana	fish	0.6913	0.7118	0.527	892	920	503	0.641
3	584 m/s	0.1437	Moreno Valley	fish	0.9054	0.5601	0.7644	1173	942	343	0.5414
1	346 m/s	0.4025	Fremont	guinea pig, reptile	0.5842	0.4802	0.4075	455	-152	447	1.0057
3	544 m/s	0.1783	San Francisco	fish	0.9524	0.6867	1.0058	930	670	402	0.8274
3	370 m/s	0.3314	San Francisco	fish	1.0481	0.9603	0.5523	573	1065	498	0.8671
4	773 m/s	0.9155	Moreno Valley	rabbit	0.1999	0.3528	-0.0979	88	643	1008	0.6785
1	341 m/s	0.4023	Fremont	hamster, guinea pig	0.774	0.6259	0.3083	214	-228	170	1.0402
2	384 m/s	0.2602	San Jose	rat, dog	-0.041	1.0599	1.158	797	684	204	0.586
4	817 m/s	0.6874	Stockton	rabbit	0.0657	0.1882	-0.1279	-121	561	917	0.833
0	579 m/s	0.7738	None	pig	0.4069	0.3459	0.6014	767	-159	748	0.0362
2	126 m/s	0.1997	San Jose	ferret, dog	0.1413	1.0969	1.0145	871	765	138	0.0551
5	1014 m/s	0.801	Bakersfield	rabbit	0.9049	0.0158	0.4773	723	500	629	0.4811
4	653 m/s	0.6276	Fresno	rabbit	0.1326	0.3041	0.3359	297	511	1011	0.8931
0	550 m/s	0.5797	Santa Clarita	chicken	0.5255	0.7192	0.4162	830	-70	829	0.2269
0	561 m/s	0.6663	Modesto	pig	0.4142	0.4279	0.6579	583	193	915	0.1048
4	687 m/s	0.7687	San Bernardino	rabbit	0.0318	0.118	0.0013	128	313	913	0.6752
1	474 m/s	0.6963	Los Angeles	guinea pig, reptile	0.4217	0.4172	0.0813	295	-113	465	0.9629
3	580 m/s	0.3242	Bakersfield	fish	1.1368	0.9969	0.8435	538	1119	341	0.7892
4	726 m/s	0.5049	Oakland	rabbit	0.1253	0.2352	-0.0374	18	684	884	0.7738
2	158 m/s	0.3054	Anaheim	ferret, rat	0.1589	1.0458	1.0664	333	831	-55	0.2756
5	1095 m/s	0.97	San Diego	cat	0.7696	0.1728	0.2633	502	206	762	0.8101
4	796 m/s	0.8442	Stockton	rabbit	0.3041	?	-0.2267	-32	627	879	None
5	1085 m/s	0.8877	Bakersfield	bird	0.6307	0.085	0.2718	680	510	559	0.4655
4	714 m/s	0.7153	Fresno	rabbit	0.2195	0.2413	0.1197	-33	253	1137	0.7276
3	362 m/s	0.1565	Santa Ana	fish	0.819	0.7351	0.69	825	1004	584	1.0114
0	347 m/s	0.6862	Modesto	pig	0.5244	0.1703	0.8249	732	69	790	0.0589
5	921 m/s	0.8866	Sacramento	bird	0.7677	0.1557	0.3768	331	640	630	0.3585
4	589 m/s	0.7465	Fresno	rabbit	0.2737	0.3593	0.1645	97	625	877	0.562
4	757 m/s	0.7543	Fresno	rabbit	0.3945	0.3956	0.2037	222	315	719	0.6861
3	508 m/s	0.0604	Moreno Valley	fish	0.9929	0.7547	0.7906	918	1244	577	1.0315
3	581 m/s	0.0374	Moreno Valley	fish	1.2732	0.6373	0.7188	759	1076	277	1.0563
0	489 m/s	0.7	Santa Clarita	chicken	0.5301	0.4453	0.64	892	15	757	0.0448
2	-78 m/s	0.1778	Irvine	ferret	0.2623	0.9155	0.8141	828	994	-45	0.3243
5	1035 m/s	0.8831	Sacramento	bird	0.786	0.1539	0.2584	610	380	498	0.3888
1	191 m/s	0.5106	Long Beach	guinea pig	0.7718	0.6379	0.1797	314	43	175	1.2328
0	526 m/s	0.6702	Riverside	chicken	0.2834	0.4504	0.6828	656	350	776	0.3245
0	571 m/s	0.9225	Modesto	chicken	0.2112	0.428	0.5087	928	17	759	0.0524
3	454 m/s	0.3399	Fremont	fish	0.9792	0.8937	0.5998	662	707	509	0.9906
1	507 m/s	0.6342	lOS aNGELES	guinea pig	0.7243	0.5366	0.2429	273	505	165	1.0501
0	542 m/s	1.0056	Santa Clarita	BIRD	0.2611	0.5561	0.4977	825	374	802	-0.1106
3	494 m/s	-0.0187	San Francisco	fish	0.9317	0.945	0.641	765	940	411	0.7052
2	152 m/s	0.0591	San Jose	rat, ferret	0.1143	1.1951	0.7754	914	823	209	0.232
0	665 m/s	0.6732	Modesto	fish	0.4167	0.4117	0.7528	847	154	766	0.1849
4	877 m/s	0.7419	Stockton	rabbit	0.0833	0.3296	0.14	411	261	988	0.6551
0	477 m/s	0.5373	Modesto	chicken	0.5499	0.3368	0.7808	794	252	691	0.147
2	N/A	0.1537	Riverside	rat	-0.0813	1.0915	0.6774	674	1021	-23	0.4234
2	178 m/s	0.2049	Riverside	ferret	0.2692	1.0105	0.8747	466	1190	229	0.2525
1	221 m/s	0.1686	Long Beach	ferret, dog	0.5543	0.7127	0.2532	346	10	124	1.0519
5	1012 m/s	1.0737	Bakersfield	CAT	0.9908	0.0027	0.2554	294	512	704	0.2808
5	961 m/s	0.8541	Bakersfield	bird	0.6902	-0.0811	0.221	246	558	453	0.5463
5	1090 m/s	1.1206	Bakersfield	CAT	0.7976	0.1043	0.337	160	678	555	0.6437
0	531 m/s	0.6222	Santa Clarita	chicken	0.2661	0.6017	0.6236	571	58	?	0.2545
3	494 m/s	0.0073	San Francisco	fish	0.8497	0.6129	0.5995	870	948	301	0.7434
1	425 m/s	0.5237	Long Beach	guinea pig, hamster	0.7468	0.3666	0.1993	439	-1	346	0.8984
1	197 m/s	0.505	San Jose	hamster	0.8825	0.4052	0.2479	399	106	165	1.1484
0	836 m/s	0.5718	Modesto	pig	0.2527	0.3149	0.6514	695	263	892	0.0107
2	135 m/s	0.3928	ANAHEIM	ferret, dog	0.0034	0.857	0.7699	636	764	162	0.2376
2	203 m/s	0.5286	Anaheim	ferret	0.0036	0.8846	0.9635	604	1100	-152	0.5134
1	201 m/s	0.1875	Irvine	reptile, guinea pig	0.6103	0.6078	0.2999	341	52	231	1.1517
0	688 m/s	0.549	Riverside	chicken	0.1634	0.4987	0.8423	887	566	873	0.0447
1	231 m/s	0.3247	Los Angeles	hamster, reptile	0.3798	0.5672	0.1413	313	9	103	0.8872
4	586 m/s	0.6796	Oakland	rabbit	0.3094	0.3117		?	146	992	0.8697
0	511 m/s	0.8064	sANTA cLARITA	chicken	0.2686	0.3601	0.5199	1033	192	796	0.2687
3	344 m/s	0.2182	San Francisco	fish	0.6707	0.9604	0.7106	925	674	312	0.6671
3	286 m/s	0.158	Chula Vista	FISH	0.8438	0.9409	0.5652	898	806	603	0.8251
1	292 m/s	0.4821	Stockton	fish	0.4713	0.7115	0.1818	76	112	262	0.8802
4	744 m/s	0.5778	Fresno	rabbit	0.036	0.4094	-0.064	404	428	880	0.7068
0	377 m/s	0.7488	Santa Clarita	pig	0.483	0.1762	0.842	804	19	916	-0.0526
3	586 m/s	-0.046	Santa Ana	fish	0.9551	0.7707	0.5353	823	921	473	0.9027
5	902 m/s	1.0195	San Diego	cat	1.0559	0.0498	0.3763	190	650	595	0.5896
5	897 m/s	0.8703	Sacramento	NULL	0.7964	0.0584	0.3722	327	611	384	0.4345
0	656 m/s	0.8148	Modesto	chicken	0.551	0.4028	0.7032	1081	52	830	0.1516
2	-27 m/s	0.198	Riverside	ferret, rat	0.0235	1.0827	0.775	581	936	117	0.2157
4	788 m/s	0.8228	Fresno	rabbit	0.2711	0.4932	-0.0025	25	588	904	0.6883
0	668 m/s	0.7168	Santa Clarita	pig	0.318	0.4214	0.4551	665	374	880	-0.1798
0	625 m/s	0.754	Santa Clarita	chicken	0.2616	0.3806	0.5982	803	68	814	0.3096
3	492 m/s	-0.0435	Santa Ana	fish	0.9138	0.6598	0.7131	955	1024	260	0.7544
5	876 m/s	0.9626	Sacramento	cat	0.7769	0.1356	0.1598	194	472	582	0.3497
1	536 m/s	0.4741	Fremont	reptile	0.5249	0.6339	0.3338	123	-64	258	0.9302
2	126 m/s	0.3701	Irvine	reptile, guinea pig	0.1528	1.0464	0.9569	578	1146	254	0.276
3	413 m/s	0.0757	San Francisco	fish	0.7914	0.6242	0.5384	1179	804	617	1.0183
0	531 m/s	0.5349	Santa Clarita	chicken	0.3806	0.3778	0.5865	660	253	866	0.0249
0	366 m/s	0.599	Modesto	chicken	0.4275	0.5237	0.513	670	113	694	0.2693
3	305 m/s	0.0918	Santa Ana	fish	0.8695	0.8149	0.9056	649	1024	269	0.8098
3	490 m/s	0.1755	San Francisco	fish	0.911	0.6771	0.3184	1108	1220	451	0.92
5	967 m/s	1.0414	Sacramento	cat	0.7609	0.2223	0.5249	608	573	453	0.5311
2	103 m/s	0.2683	San Jose	rat	0.2038	0.8067	0.9343	684	724	21	0.3269
1	477 m/s	0.4973	Irvine	hamster, reptile	0.7553	0.47	0.1145	275	31	328	0.9242
2	294 m/s	0.2108	Riverside	rat	-0.2144	0.6244	1.0623	592	422	30	0.2592
4	708 m/s	0.4421	San Bernardino	rabbit	0.3861	0.4293	0.4431	211	367	957	0.5659
2	81 m/s	0.2413	Stockton	ferret, dog	0.0435	0.9494	0.9885	761	1126	134	0.2738
4	773 m/s	0.8023	Stockton	rabbit	0.3428	0.2549	-0.15	247	327	1245	0.4827
2	172 m/s	0.163	San Jose	rat	-0.0308	0.9053	1.0811	669	655	351	0.2774
1	483 m/s	0.5221	SANTA CLARITA	hamster	0.5043	0.4355	0.2281	428	234	316	1.0006
4	824 m/s	0.6362	Oakland	rabbit	0.2567	0.2918	-0.0844	378	397	1011	0.5618
5	959 m/s	0.8747	San Diego	bird	0.9141	0.2035	0.5703	521	596	440	0.5501
3	410 m/s	0.1392	Santa Ana	fish	0.968	0.8591	0.5116	819	1011	445	0.8445
2	169 m/s	-0.022	Anaheim	cat	0.2326	0.8773	1.0167	795	755	244	0.1631
0	548 m/s	0.6982	Modesto	pig	0.4725	0.5012	0.7497	867	437	734	0.1782
3	454 m/s	-0.2005	Moreno Valley	pig	0.8591	0.6756	0.557	1166	687	309	0.9259
1	402 m/s	0.3231	Fresno	guinea pig, hamster	0.3915	0.6384	0.4373	462	-115	258	0.809
2	237 m/s	0.3681	Los Angeles	ferret	0.0088	0.8791	0.792	808	866	262	None
3	601 m/s	0.0788	Moreno Valley	fish	0.987	0.4842	0.7302	766	728	444	0.9019
2	210 m/s	0.4291	Anaheim	dog, ferret	-0.1293	0.9788	0.8616	799	711	285	0.3926
4	766 m/s	0.4677	San Bernardino	rabbit	0.3605	0.4437	-0.0586	163	435	951	0.6016
5	811 m/s	1.0898	Bakersfield	cat	0.9103	0.0556	0.2504	285	663	526	0.4732
2	41 m/s	0.2981	San Jose	ferret, dog	0.0564	1.0043	0.9698	445	1066	-54	0.4864
0	624 m/s	0.6715	Santa Clarita	chicken	0.3542	0.3475	0.6933	650	316	710	-0.0599
3	485 m/s	0.1319	Moreno Valley	fish	0.7209	0.9611	0.7066	985	657	218	0.8052
2	21 m/s	0.4183	San Jose	rat	0.0532	0.838	0.8586	576	1156	58	N/A
2	41 m/s	0.1951	Anaheim	ferret, rat	0.1837	0.7934	0.9544	634	872	123	0.5028
2	46 m/s	0.2796	Moreno Valley	rat	-0.0313	1.0228	0.9997	635	562	120	0.3468
0	422 m/s	0.7765	Sacramento	chicken	0.4163	0.3957	0.9407	941	333	933	0.0411
3	306 m/s	0.1157	Santa Ana	fish	0.6785	0.9269	0.5867	985	586	525	0.7063
1	504 m/s	0.3258	San Diego	hamster	0.5227	0.6177	0.5909	126	56	286	0.9492
1	430 m/s	0.6166	Long Beach	reptile, hamster	0.3863	0.7943	0.3411	263	146	319	0.9998
4	482 m/s	0.5925	San Bernardino	rabbit	0.4989	0.379	0.1802	89	308	1194	0.6719
0	634 m/s	0.8566	oAKLAND	pig	0.4134	0.4926	0.8528	914	223	874	0.2053
4	708 m/s	0.5869	Chula Vista	rabbit	0.4533	0.3968	0.1734	224	275	1046	0.7183
4	792 m/s	0.4884	fremont	dog, rat	0.3327	0.5251	-0.0693	327	65	837	0.6373
1	444 m/s	0.2021	Long Beach	hamster, guinea pig	0.5041	0.4127	0.2241	326	-49	94	0.886
3	743 m/s	0.0443	Moreno Valley	fish	0.9874	0.6076	0.687	590	1008	545	0.8143
2	-26 m/s	0.508	Anaheim	dog	0.2319	0.8851	0.8028	621	1055	210	0.4264
2	97 m/s	0.1527	Anaheim	dog	-0.0299	0.8678	0.9227	515	828	56	0.1838
2	7 m/s	0.303	Anaheim	dog	-0.0016	0.9781	0.9556	779	789	53	0.0505
0	583 m/s	0.5049	Santa Clarita	pig	0.4921	0.4069	0.5516	1018	117	951	-0.0309
5	972 m/s	0.8745	Sacramento	bird	n/a	0.2016	0.3802	409	883	686	0.5238
3	597 m/s	0.0874	Moreno Valley	rabbit	0.9819	0.8678	0.7032	1351	1003	208	0.9795
0	664 m/s	0.5981	Santa Clarita	pig	0.475	0.3429	0.8453	613	244	900	0.0806
5	656 m/s	1.0589	Sacramento	bird	1.0381	0.0931	0.3328	651		523	0.3938
3	590 m/s	-0.0058	San Francisco	fish	1.1598	0.9535	0.569	893	909	355	0.9549
5	1048 m/s	0.9772	San Diego	pig	0.91	-0.0931	0.364	514	672	593	0.547
2	111 m/s	0.2095	rIVERSIDE	rat, ferret	-0.1239	1.0892	1.1897	389	959	49	0.3489
1	384 m/s	0.1775	Long Beach	REPTILE	0.6298	0.6235	0.0397	N/A	-357	433	1.1868
2	391 m/s	0.3428	Anaheim	rat, ferret	0.121	0.9122	1.0713	369	744	31	0.265
1	215 m/s	0.6309	Long Beach	reptile	0.3313	0.5206	0.1867	312	172	271	1.0704
2	142 m/s	0.3856	Anaheim	dog, ferret	0.1983	0.8024	1.0206	620	829	67	0.4015
1	349 m/s	0.2623	Modesto	hamster, guinea pig	0.5146	0.6236	0.305	220	1	247	0.9298
2	86 m/s	0.3929	Riverside	Rat	0.0262	0.7053	1.1868	380	862	129	0.2259
0	579 m/s	0.6237	Modesto	pig	0.5075	0.2564	0.7047	633	413	712	0.1222
5	990 m/s	1.0793	Bakersfield	cat	0.6761	0.0163	0.525	642	402	317	0.5485
2	137 m/s	0.1297	Riverside	dog	-0.0869	1.1085	1.1181	646	NULL	104	0.2721
2	80 m/s	0.1421	Riverside	rat, ferret	0.0498	0.999	1.0042	594	807	134	0.3758
2	52 m/s	0.2316	Riverside	ferret, rat	0.2776	0.9673	0.9611	601	632	-5	0.1729
5	966 m/s	1.2847	Sacramento	bird	0.81	0.1306	0.2417	79	454	646	0.5163
1	203 m/s	0.1777	Long Beach	guinea pig, reptile	0.8163	0.6357	0.1153	287	91	356	1.037
1	337 m/s	0.4701	Fremont	guinea pig, reptile	0.6865	0.726	0.4311	253	246	378	0.7798
0	482 m/s	0.7159	Modesto	chicken	0.2931	0.3654	0.794	992	394	622	-0.0242
4	1037 m/s	0.4827	Stockton	rabbit	0.1833	0.2513	0.1658	145	150	933	0.5566
0	597 m/s	0.7533	Modesto	PIG	0.2672	0.5363	0.672	880	532	779	0.0003
2	150 m/s	0.3257	Anaheim	ferret	-0.128	0.9529	1.0002	561	966	297	0.5557
5	940 m/s	0.987	Bakersfield	cat	0.8438	-0.0953	0.1485	142	515	575	0.4238
2	177 m/s	0.262	Anaheim	ferret, dog	0.0332	0.8613	0.9879	401	839	214	0.3565
5	892 m/s	1.1008	Bakersfield	cat	0.678	0.2008	0.15	392	427	479	0.4963
0	395 m/s	0.4919	Santa Clarita	pig	0.2516	0.2585	0.6397	702	10	613	0.1429
0	801 m/s	0.5089	Modesto	pig	0.4525	0.5917	0.6024	860	236	1059	0.1687
1	488 m/s	0.5579	Bakersfield	hamster, reptile	0.5888	0.7145	0.206	309	66	269	1.0475
4	831 m/s	0.7998	Fresno	rabbit	-0.0311	0.494	0.0838	-188	447	1162	0.815
1	255 m/s	0.6849	Irvine	hamster	0.4829	0.5742	0.4609	2	95	337	1.0656
2	149 m/s	0.544	Riverside	dog, ferret	0.3073	0.9163	0.8573	1040	1123	196	0.2178
0	622 m/s	0.8198	Modesto	chicken	0.1944	0.5465	0.531	732	192	981	0.2614
2	65 m/s	0.0568	San Jose	dog, ferret	0.177	0.9553	0.9365	402	894	-65	0.3038
4	609 m/s	0.8495	Chula Vista	rabbit	0.2206	0.3459	0.0453	131	459	830	0.8637
3	742 m/s	-0.1442	Santa Ana	FISH	0.7959	0.9911	0.7257	1175	731	418	0.9094
3	588 m/s	-0.0346	Santa Ana	Fish	0.9688	0.7771	0.8718	918	1021	494	1.0669
4	765 m/s	0.704	Fremont	rabbit	0.2852	0.3272	0.2042	292	321	924	0.8144
4	569 m/s	0.7562	Stockton	rabbit	0.3218	0.4622	-0.1515	287	583	884	0.4919
0	581 m/s	0.6027	Modesto	chicken	0.4525	0.6537	0.7234	950	107	827	0.2183
2	245 m/s	0.2172	San Jose	rat, dog	0.1297	0.8463	0.9923	696	687	36	0.3508
0	715 m/s	0.6134	Santa Clarita	pig	0.6799	0.5162	0.7425	849	245	817	0.0613
5	879 m/s	1.0705	Sacramento	bird	0.6436	0.2831	0.2614	539	587	586	0.3452
3	388 m/s	0.1683	Moreno Valley	fish	1.0085	0.6098	0.7704	979	905	556	1.0479
5	981 m/s	0.9092	San Diego	cat	0.9643	0.0315	0.2135	299	248	543	0.2763
5	922 m/s	0.538	Bakersfield	bird	1.0527	0.0711	0.3524	272	709	702	0.8121
1	310 m/s	0.3881	Long Beach	guinea pig, hamster	0.7213	0.782	N/A	394	217	266	1.0007
3	671 m/s	0.1892	Santa Ana	ferret	1.2414	1.0038	0.6567	971	NULL	282	0.7208
1	285 m/s	0.5698	Fremont	reptile	0.6148	0.5491	0.0248	247	118	473	0.9802
2	197 m/s	0.2804	San Jose	dog, ferret	0.2083	0.9597	0.8399	675	650	42	0.2893
1	299 m/s	0.2779	Los Angeles	hamster, reptile	0.5807	0.6219	0.4634	206	199	345	1.124
5	979 m/s	0.926	Sacramento	rabbit	0.788	-0.1057	0.5243	561	768	734	0.4992
3	720 m/s	0.0754	Santa Ana	fish	0.8195	0.7433	0.6605	1144	1261	445	0.7731
2	-116 m/s	0.2309	Anaheim	Dog	0.2547	0.973	0.84	644	931	134	0.2853
1	346 m/s	0.3032	Irvine	hamster, guinea pig	0.7852	0.5357	0.409	384	114	180	0.7687
4	996 m/s	0.6736	Fresno	None	0.1497	0.3912	0.0892	69	126	1280	0.5406
4	713 m/s	0.7238	Stockton	rabbit	0.2294	0.3846	0.3414	-122	96	831	0.6014
2	55 m/s	0.2684	Riverside	dog	0.2807	0.883	0.9428	636	937	199	0.2977
5	948 m/s	1.0293	San Diego	cat	0.9648	-0.0002	0.2314	381	665	543	None
0	799 m/s	0.9819	Santa Clarita	pig	0.3506	0.5191	0.589	845	360	752	0.0503
3	460 m/s	0.2064	Moreno Valley	fish	0.9855	0.6412	0.7573	1006	884	328	0.8358
5	1050 m/s	0.9336	Sacramento	bird	0.8385	-0.0315	0.2985	361	517	556	0.3457
4	749 m/s	0.6459	Chula Vista	rabbit	0.4661	0.388	0.0309	250	390	1155	0.5498
4	629 m/s	0.6485	Stockton	rabbit	0.2257	0.2983	-0.0066	61	459	?	0.7451
5	730 m/s	1.0641	Sacramento	CAT	0.6721	0.2054	0.4609	174	502	478	0.4631
3	448 m/s	0.0466	Santa Ana	fish	0.9247	0.6981	0.5893	949	762	578	0.534
0	786 m/s	0.5706	Santa Clarita	chicken	0.3345	0.4782	0.9328	813	400	841	0.2932
3	506 m/s	-0.0249	Moreno Valley	dog, ferret	0.7964	0.724	0.6002	846	734	159	1.036
5	976 m/s	0.9956	Bakersfield	bird	0.6485	0.0892	0.2071	478	659	261	0.464
1	343 m/s	0.4239	Long Beach	reptile	0.659	0.6084	0.28	451	80	NULL	1.109
1	351 m/s	0.3024	Fremont	reptile, hamster	0.3402	0.7649	0.0542	191	269	248	0.9496
4	899 m/s	0.4961	Fresno	rabbit	0.5707	0.3153	-0.109	-27	351	1007	0.5814
0	583 m/s	0.7468	Santa Clarita	chicken	0.5685	0.273	0.6948	536	457	742	None
2	236 m/s	0.3927	Stockton	ferret, rat	0.0362	1.0463	n/a	n/a	809	249	0.0597
5	886 m/s	0.9874	Sacramento	bird	0.847	0.0566	0.1161	129	765	514	0.3414
5	850 m/s	0.7819	Bakersfield	bird	0.6665	0.0153	0.3811	272	689	513	0.5786
1	194 m/s	0.36	Fremont	reptile	0.5872	0.3942	0.2135	469	80	332	1.0913
1	514 m/s	0.3347	Long Beach	reptile	0.3414	0.4407	0.2386	245	161	159	1.0082
2	142 m/s	0.4346	San Francisco	dog, rat	-0.0957	1.0465	0.8839	764	676	74	0.3999
2	54 m/s	0.2839	Fremont	rat	-0.0196	0.8354	0.9384	680	832	285	0.2305
1	358 m/s	0.4961	Irvine	reptile, guinea pig	0.4257	0.4331	0.1854	274	-174	215	0.8574
2	123 m/s	0.3574	Anaheim	dog	NULL	0.7799	1.1304	520	1129	212	0.5194
1	385 m/s	0.4993	Fremont	reptile	0.6943	0.5586	0.3501	466	53	253	0.8627
1	342 m/s	0.3073	Los Angeles	hamster, reptile	0.4758	0.7111	0.2823	87	-321	245	1.2775
2	-62 m/s	0.2106	Los Angeles	dog, ferret	0.159	1.0203		597	829	265	0.2545
5	995 m/s	0.9584	San Diego	cat	0.8009	0.1182	0.5267	311	424	467	0.4569
0	622 m/s	0.86	Modesto	chicken	0.3067	0.5625	0.8107	916	221	N/A	0.1555
4	765 m/s	0.5496	Stockton	rabbit	0.3184	0.5809	-0.0006	189	299	982	0.6897
4	709 m/s	0.704	Stockton	rabbit	0.2373	0.2937	0.1729	350	551	1003	0.5929
0	732 m/s	0.6861	Irvine	pig	0.3821	0.4024	0.7305	728	337	850	0.1229
3	434 m/s	0.0191	San Bernardino	fish	1.0224	0.6415	0.7364	984	772	272	0.7137
4	651 m/s	0.661	oAKLAND	rabbit	0.2052	0.3696	0.0062	-137	446	880	0.7536
5	1022 m/s	0.8697	San Diego	bird	0.8682	0.4129	0.2209	283	731	618	0.8211
0	488 m/s	0.8037	Modesto	chicken	0.2066	0.3098	0.7062	728	320	695	0.2313
4	881 m/s	0.4391	San Bernardino	chicken	0.2377	0.1635	0.276	342	195	1066	0.7026
0	770 m/s	0.6065	Modesto	chicken	0.4586	0.5214	0.6968	474	340	831	0.1308
0	634 m/s	0.7116	Santa Clarita	chicken	0.4083	0.4096	0.4391	596	166	791	0.15
4	638 m/s	0.7405	Chula Vista	cat	0.2199	0.4162	-0.0208	190	582	1083	0.8293
2	88 m/s	0.1087	Riverside	rat, dog	-0.118	1.0071	0.9089	759	n/a	-59	0.1345
1	277 m/s	0.1398	Irvine	reptile	0.6538	0.4933	0.1771	356	159	314	1.0829
3	461 m/s	0.2268	Moreno Valley	fish	0.9635	0.7068	0.6546	1177	873	462	0.8137
2	168 m/s	0.2889	Anaheim	ferret	0.094	0.9828	1.0266	824	698	58	0.3598
4	809 m/s	0.8714	Modesto	rabbit	0.2569	0.4032	0.0751	11	326	1037	0.8778
1	363 m/s	0.3495	Long Beach	reptile, hamster	0.647	0.4051	0.3815	141	14	320	0.9348
4	911 m/s	0.5109	Oakland	rabbit	0.116	0.4842	0.2245	250	748	935	0.7843
5	1013 m/s	1.1101	Sacramento	bird	0.9732	0.2222	0.216	146	395	724	0.4006
2	47 m/s	0.1631	San Jose	pig	0.042	1.2018	1.298	187	672	98	0.3457
2	247 m/s	0.3106	Anaheim	ferret	0.06	1.1148	0.9941	743	616	159	0.4574
1	190 m/s	0.4168	Los Angeles	chicken	0.5007	0.6331	0.2038	854	-57	118	0.9438
0	692 m/s	0.6533	Modesto	chicken	0.4419	0.4211	0.8293	603	132	600	0.0901
5	887 m/s	0.8618	Sacramento	cat	0.8915	0.0241	0.4672	190	906	538	0.4542
3	589 m/s	0.1892	Moreno Valley	fish	0.8658	0.8282	0.6397	882	826	229	0.5844
1	47 m/s	0.4621	Irvine	hamster, reptile	0.6848	0.5857	-0.0105	492	-104	206	0.468
0	725 m/s	0.6108	Santa Clarita	chicken	0.5877	0.32	0.5603	625	501	812	0.0304
3	448 m/s	0.1712	Santa Ana	fish	0.8048	0.6389	0.6903	1145	790	316	0.6988
5	811 m/s	0.8671	Bakersfield	cat	1.0674	0.0759	0.344	396	373	634	0.3402
2	12 m/s	NULL	Oakland	rat, ferret	0.1821	0.8244	0.9028	671	960	99	0.1533
5	731 m/s	0.9899	san diego	cat	0.6501	0.2896	0.3972	194	919	603	0.4622
0	785 m/s	0.6128	Modesto	pig	0.4043	0.5761	0.8559	683	507	694	0.3672
0	488 m/s	0.6572	Santa Clarita	chicken	0.3953	0.2815	0.9082	779	331	799	0.2957
3	533 m/s	0.0978	San Francisco	fish	1.0138	0.7743	0.5037	974	1033	486	0.7938
0	610 m/s	0.4377	Modesto	chicken	0.4234	0.388	0.5681	935	135	546	0.1751
0	526 m/s	0.8997	Santa Clarita	pig	0.4491	0.5769	0.7495	N/A	36	766	0.2527
4	788 m/s	0.4514	Oakland	rabbit	0.2765	0.2798	-0.0294	-35	454	991	0.8825
1	247 m/s	0.3933	Long Beach	guinea pig	0.7249	0.4744	0.3956	170	-137	155	0.8966
0	794 m/s	0.5454	Modesto	pig	0.5876	0.4834	0.7083	819	153	849	-0.0984
1	264 m/s	0.1709	Long Beach	reptile	0.6007	0.5228	0.2442	-143	219	255	0.9079
5	717 m/s	1.0186	San Diego	bird	0.6987	-0.0705	0.4573	356	511	715	0.4917
1	466 m/s	0.5237	Los Angeles	guinea pig	0.581	0.5879	0.2354	489	279	282	0.9485
2	11 m/s	0.2237	Anaheim	rat	0.0899	0.9979	0.9433	809	915	-18	0.2665
1	336 m/s	0.4563	Fremont	hamster	0.4897	0.6603	0.2533	431	-89	355	1.112
2	88 m/s	0.2737	Riverside	rat, ferret	0.1166	0.9794	1.1587	826	872	-1	0.1498
5	946 m/s	0.9059	Sacramento	bird	0.749	0.0047	0.3052	278	827	379	0.6036
0	479 m/s	0.7676	Modesto	chicken	0.5146	0.607	0.9298	515	469	761	0.1952
2	29 m/s	0.1921	San Jose	rat	0.2841	0.7142	0.9128	401	1002	112	0.1462
4	780 m/s	0.4558	Fresno	rabbit	0.3455	0.2284	-0.0213	129	571	1044	0.6261
4	605 m/s	0.6928	San Bernardino	rabbit	0.3857	0.2106	N/A	111	358	923	0.7037
0	567 m/s	0.5882	Santa Clarita	pig	0.3787	0.6506	0.7207	869	248	917	0.0957
2	136 m/s	0.0422	San Jose	guinea pig, hamster	0.2561	0.9193	0.906	363	1296	240	0.4118
5	1047 m/s	0.9957	San Diego	cat	0.848	0.1268	0.2871	424	769	733	0.407
0	637 m/s	0.6449	Modesto	pig	0.4647	0.501	0.8442	533	43	750	0.0662
1	201 m/s	0.4616	Los Angeles	Hamster, Guinea Pig	0.6302	0.6163	0.3818	83	7	281	1.0639
1	307 m/s	0.3803	Irvine	guinea pig	0.6291	0.4106	0.3272	113	162	489	0.9877
4	659 m/s	0.7456	San Bernardino	rabbit	0.3948	0.3304	-0.0736	55	333	1022	0.7022
5	754 m/s	0.9865	Bakersfield	bird	1.0228	0.2052	0.6329	570	508	590	0.3863
2	234 m/s	0.3	Moreno Valley	dog, ferret	-0.0756	0.9746	0.9246	437	576	84	0.3868
2	231 m/s	0.0673	Anaheim	dog, ferret	0.0276	0.7078	0.7392	688	825	114	0.5322
3	636 m/s	0.264	Moreno Valley	fish	0.97	0.8933	0.4716	1316	1009	498	0.6446
1	235 m/s	0.6427	Fremont	reptile, hamster	0.5087	0.4758	0.2882	645	218	236	1.0156
3	740 m/s	-0.1767	Bakersfield	fish	0.996	0.6123	0.5779	1031	835	202	0.7228
0	812 m/s	0.7033	Santa Clarita	pig	0.2832	0.2521	0.6812	807	-51	N/A	0.0448
4	929 m/s	0.8862	Fresno	rabbit	0.1549	0.2581	0.0743	57	376	1096	0.6414
2	47 m/s	0.2693	Anaheim	ferret	-0.0567	0.9367	0.7515	711	789	243	0.1802
4	736 m/s	0.6852	Fresno	rabbit	0.3185	0.4883	-0.1338	149	440	850	0.668
3	458 m/s	-0.0393	Santa Ana	fish	1.078	0.7098	0.6125	830	859	321	0.8172
5	811 m/s	0.889	San Diego	cat	0.8243	0.0334	0.2803	170	340	506	0.5174
3	607 m/s	-0.0313	Santa Ana	fish	1.2662	0.6981	0.709	875	683	556	0.7926
4	845 m/s	0.4747	Fremont	pig	0.4319	0.2019	0.2481	88	557	774	0.5868
1	131 m/s	0.5755	Los Angeles	reptile	0.563	0.6831	0.1213	137	300	12	1.0567
3	438 m/s	0.092	Sacramento	fish	0.9724	0.9189	0.745	952	n/a	461	0.8409
4	764 m/s	0.7344	San Bernardino	RABBIT	0.1485	0.286	0.0233	16	193	1109	0.642
4	764 m/s	0.6914	Chula Vista	rabbit	0.2674	0.2307	0.0795	305	655	923	0.3797
4	788 m/s	0.5021	Long Beach	rabbit	0.3593	0.1917	-0.0068	302	305	819	0.5846
3	437 m/s	0.0126	Moreno Valley	fish	0.9115	0.7951	0.6776	679	840	444	1.0676
1	321 m/s	0.6361	Fremont	dog, ferret	0.5606	0.7051	0.4094	307	71	347	1.0215
4	710 m/s	0.4422	Oakland	rabbit	0.2554	0.4262	0.0102	-3	441	995	0.793
1	495 m/s	0.4114	Fremont	reptile	0.6072	0.5821	0.1764	211	-31	270	0.7397
3	320 m/s	-0.0371	Santa Ana	fish	1.0181	0.7918	0.8342	1082	928	503	0.8391
2	161 m/s	0.1423	Moreno Valley	HAMSTER	0.047	0.8131	0.9155	620	750	141	0.3621
1	264 m/s	0.7352	Irvine	hamster, reptile	0.3412	0.5835	0.447	498	-272	394	0.8936
5	937 m/s	0.911	Sacramento	bird	0.7216	0.0877	0.4897	450	445	689	0.1919
5	997 m/s	1.1564	Sacramento	bird	0.6504	0.0552	0.4642	360	647	805	0.4049
3	606 m/s	0.0168	Moreno Valley	fish	1.08	0.6565	0.8462	1038	1023	413	0.6833
3	497 m/s	0.0581	Santa Ana	fish	0.9099	0.7508	0.5787	905	890	255	0.7059
1	465 m/s	0.4361	Irvine	hamster, guinea pig	0.4287	0.5856	0.2887	112	107	325	1.0384
2	173 m/s	0.2086	San Bernardino	rat, dog	-0.0792	0.9133	1.0237	574	1059	16	0.3295
4	671 m/s	0.6064	Oakland	rabbit	0.4269	0.4536	0.1652	75	340	1008	0.6384
5	762 m/s	1.0342	Bakersfield	Cat	0.9533	0.0535	0.3277	486	592	509	0.3557
4	869 m/s	0.9978	San Bernardino	rabbit	0.4334	0.3072	-0.0699	13	307	1091	0.5127
1	166 m/s	0.3785	Long Beach	hamster	0.3467	0.3909	0.1295	52	33	318	1.0414
4	703 m/s	0.444	Oakland	rabbit	0.2951	0.4141	0.0017	27	574	1115	0.6077
2	-4 m/s	0.2631	San Jose	ferret, dog	0.2233	1.0497	1.023	525	851	131	0.4679
0	619 m/s	0.7389	Modesto	chicken	0.3067	0.3451	0.7033	343	178	816	0.0268
0	811 m/s	0.6444	Modesto	chicken	0.2957	0.5419	0.886	958	412	788	0.0781
2	316 m/s	0.4105	Anaheim	N/A	-0.1439	0.9179	1.1529	409	739	215	0.4547
1	448 m/s	0.3201	Irvine	guinea pig	0.7036	0.6934	0.2553	592	-272	3	1.1373
3	457 m/s	0.304	San Francisco	fish	0.9117	0.8096	0.648	1017	949	488	0.7876
1	528 m/s	0.5542	Long Beach	guinea pig, hamster	0.6745	0.5244	0.0789	299	536	169	0.9959
3	611 m/s	0.2492	Santa Ana	fish	1.0231	0.7918	0.6856	1156	1120	390	0.5335
1	392 m/s	0.2836	Long Beach	guinea pig, hamster	0.6097	0.7067	0.0481	438	25	299	0.8017
5	998 m/s	1.0037	San Diego	bird	1.0454	-0.0294	0.1302	77	431	507	0.6489
4	903 m/s	0.6034	Oakland	rabbit	0.1186	0.295	0.2488	249	160	1019	0.5757
5	994 m/s	1.1023	N/A	cat	0.7016	0.3325	0.5709	297	661	658	0.2137
4	790 m/s	0.8494	Oakland	dog, ferret	0.3317	0.5201	-0.047	200	570	936	0.7262
4	630 m/s	0.453	Fresno	rabbit	0.1262	0.3475	0.054	-42	387	986	0.5611
5	1092 m/s	0.7526	Bakersfield	bird	0.9388	0.1306	0.4004	568	992	349	0.5196
0	495 m/s	0.491	Santa Clarita	chicken	0.241	0.3941	0.6321	883	328	764	0.0888
2	133 m/s	0.3334	San Jose	fish	0.186	0.8872	1.0048	642	612	254	0.0689
1	262 m/s	0.4369	Long Beach	guinea pig	0.4574	0.6256	0.415	515	29	231	0.8019
4	692 m/s	0.5556	Oakland	rabbit	0.0841	0.5407	0.0361	117	300	929	0.633
1	503 m/s	0.3003	Los Angeles	hamster	0.4673	0.4307	0.3914	364	241	310	0.7486
5	935 m/s	0.9967	San Diego	bird	0.5803	0.2423	0.4902	455	563	677	0.4371
3	626 m/s	-0.0535	San Francisco	fish	0.7584	0.7781	0.7029	869	949	522	0.6223
3	535 m/s	0.2643	Santa Ana	fish	0.9524	0.6567	0.5582	892	870	254	0.5516
5	926 m/s	0.8955	San Diego	bird	0.6681	-0.2341	0.6435	317	615	705	0.5315
2	97 m/s	0.3227	Riverside	ferret	0.2075	1.0982	0.7887	356	661	103	0.5234
0	716 m/s	0.4621	Modesto	chicken	0.4209	0.625	0.7473	602	23	821	0.305
2	-9 m/s	0.1221	Riverside	ferret	0.3748	1.1444	0.8488	390	857	-38	0.0596
3	333 m/s	-0.0935	San Francisco	fish	0.8571	0.8786	0.7358	810	717	332	0.6701
2	48 m/s	0.3111	Riverside	rat	0.0767	1.0615	1.3375	673	1003	262	0.4123
5	1094 m/s	0.9714	San Diego	cat	1.0063	0.119	0.3801	438	811	716	0.4113
5	1035 m/s	0.8377	Bakersfield	hamster	0.9549	0.0064	0.107	195	600	636	0.5988
3	687 m/s	0.0883	San Francisco	fish	1.0097	0.8162	0.7353	1245	850	323	0.8233
2	212 m/s	0.413	riverside	ferret, dog	-0.0406	0.8266	0.8749	482	652	178	0.3559
0	474 m/s	0.6502	Modesto	chicken	0.3579	0.3998	0.7164	680	280	694	0.0389
1	377 m/s	0.6652	Los Angeles	reptile	0.5845	0.3794	0.1127	529	478	354	1.1752
2	139 m/s	0.0729	Anaheim	rabbit	-0.0367	1.0059	0.7894	603	891	255	0.584
4	598 m/s	0.8014	San Bernardino	rabbit	0.3621	0.259	0.1889	357	161	1066	0.6598
2	188 m/s	0.0308	San Jose	rat	0.2582	1.1837	0.9209	911	848	265	0.3091
0	554 m/s	0.7383	Santa Clarita	pig	0.2118	0.4017	0.7539	827	742	663	0.173
4	679 m/s	0.8786	Stockton	rabbit	0.4753	0.2606	0.2228	215	376	896	0.6941
3	592 m/s	-0.0187	Santa Ana	fish	0.8795	0.6717	0.4945	808	672	252	0.6293
0	674 m/s	0.727	Modesto	chicken	0.5621	0.485	0.531	1055	519	1005	-0.0235
1	223 m/s	0.509	Los Angeles	reptile, guinea pig	0.725	0.6188	0.0667	514		383	0.8023
3	443 m/s	-0.1981	Santa Ana	fish	1.0257	0.6313	0.6851	1041	899	315	0.9333
5	885 m/s	0.9176	San Diego	bird	0.8427	0.0676	0.1887	225	676	385	0.2978
3	478 m/s	-0.0148	sAN fRANCISCO	fish	1.093	0.7405	0.6106	808	642	539	0.7901
1	391 m/s	0.5668	Irvine	guinea pig, hamster	0.5305	0.5344	0.3751	355	310	245	1.1665
5	950 m/s	1.0088	San Diego	cat	0.8696	0.0089	0.4966	347	768	561	0.544
0	639 m/s	0.9962	Riverside	pig	0.346	0.3942	0.6623	922	210	666	0.0924
3	516 m/s	-0.0961	Sacramento	fish	0.9149	0.6377	0.5532	958	438	330	0.6121
0	489 m/s	0.6594	Santa Clarita	chicken	0.2419	0.4565	0.9467	761	645	753	0.1257
4	930 m/s	0.8324	Fresno	rabbit	0.2097	0.1871	0.1208	262	230	991	0.7835
2	304 m/s	0.3555	Anaheim	dog	-0.0168	0.7423	0.9018	556	437	132	0.4778
3	438 m/s	0.146	Moreno Valley	fish	0.93	0.5735	0.7254	970	854	479	0.6447
5	963 m/s	0.6437	Bakersfield	bird	0.7564	0.1491	0.2441	146	726	476	0.477
4	830 m/s	0.5797	San Bernardino	rabbit	0.1967	0.33	0.083	326	459	981	0.4212
5	781 m/s	0.8596	Bakersfield	guinea pig, reptile	0.964	-0.0401	0.3485	383	656	554	0.287
5	915 m/s	1.1103	Bakersfield	bird	0.8579	-0.0013	0.4066	N/A	466	583	0.4627
4	557 m/s	0.5826	Stockton	rabbit	0.3621	0.3956	0.2039	168	284	778	0.7385
4	846 m/s	0.6846	Stockton	rabbit	0.2611	0.3756	0.1155	74	187	1020	0.8898
4	NULL	0.6658	Fresno	rabbit	0.3396	0.3466	0.2178	201	398	1121	0.4954
3	588 m/s	-0.0638	San Diego	fish	0.8603	0.6676	0.3238	912	748	376	0.8208
4	841 m/s	0.6281	Chula Vista	rabbit	0.0983	0.2877	0.0793	229	595	968	0.7607
3	334 m/s	-0.0528	Santa Ana	fish	1.0859	0.7443	0.335	770	839	327	0.6397
5	1135 m/s	1.0441	Moreno Valley	cat	0.9692	0.0269	0.3174	411	533	557	0.3812
4	862 m/s	0.6021	Oakland	rabbit	0.2437	0.2286	0.2662	92	166	1043	0.5838
1	407 m/s	0.5441	Irvine	hamster, reptile	0.513	0.5049	0.2282	396	274	304	1.077
5	874 m/s	1.0867	Sacramento	bird	0.6232	-0.1334	0.6528	467	654	574	0.5067
2	51 m/s	0.2155	Riverside	dog, rat	0.5276	0.9753	0.8038	994	1021	57	0.4334
5	856 m/s	0.7181	Bakersfield	bird	0.9233	-0.0646	0.2734	308	569	787	0.3424
3	348 m/s	-0.1342	san francisco	fish	0.9052	0.6322	0.5688	914	811	320	0.6541
2	166 m/s	0.1862	Riverside	rat	0.1162	1.0754	0.7594	543	847	247	NULL
0	632 m/s	0.8774	Modesto	ferret	0.2056	0.3908	0.6595	567	126	877	0.2914
1	314 m/s	0.3509	Sacramento	guinea pig	0.3098	0.3835	0.695	77	-87	309	0.9851
5	907 m/s	0.6431	Bakersfield	rabbit	0.9495	0.1834	0.4397	357	802	646	0.844
3	691 m/s	0.2223	Santa Ana	fish	1.0102	0.8773		1118	906	379	0.7959
4	788 m/s	0.8259	Fresno	rabbit	0.2142	0.407	0.0333	-259	518	1071	0.4371
3	406 m/s	0.2116	San Francisco	fish	1.0921	0.6823	0.7176	1109	933	446	0.7506
3	518 m/s	0.1759	San Francisco	fish	1.041	0.82	0.7934	1160	617	268	0.5036
3	398 m/s	0.0637	San Diego	fish	1.0904	0.8446	0.589	916	812	617	0.8169
2	161 m/s	0.4148	Riverside	rat	0.4125	0.9213	0.8162	469	958	22	0.4581
5	887 m/s	0.7977	Sacramento	bird	0.7555	0.1327	0.2114	540	838	445	0.6041
0	623 m/s	0.7688	Santa Clarita	pig	0.4926	0.3488	0.6638	859	420	875	0.0159
4	793 m/s	0.6869	Stockton	rabbit	0.3412	0.3291	0.0139	-203	190	986	1.036
5	876 m/s	0.8358	Modesto	hamster, reptile	0.8276	-0.0697	0.3388	290	795	718	0.52
5	888 m/s	1.0276	Sacramento	Ferret, Dog	0.7039	0.0392	0.2307	40	398	554	0.2781
3	444 m/s	0.1091	San Diego	fish	1.0308	0.9727	0.5596	896	985	544	1.0373
5	929 m/s	1.1006	Sacramento	fish	0.82	0.126	0.1134	137	568	630	0.3607
2	207 m/s	0.0483	San Jose	fish	0.1435	n/a	1.0932	456	1083	378	0.3302
3	581 m/s	-0.0534	San Jose	fish	0.9633	0.8898	0.5297	552	933	227	0.7619
4	719 m/s	0.6115	Stockton	rabbit	0.1732	0.3292	0.0775	281	349	868	0.4905
1	488 m/s	0.2694	Irvine	reptile	0.4567	0.4547	0.0422	545	144	387	1.0341
1	275 m/s	0.6414	Los Angeles	hamster	0.6412	0.4536	0.1175	723	-16	492	0.9624
1	331 m/s	0.2717	Irvine	fish	0.769	0.7773	0.0546	219	48	366	0.7792
4	654 m/s	0.6494	Stockton	rabbit	0.2556	0.3445	0.3097	183	608	948	0.5824
0	508 m/s	0.5764	Modesto	pig	0.3005	0.4029	0.6495	834	503	772	0.037
2	163 m/s	0.3903	Anaheim	dog, rat	-0.0602	0.8879	0.8691	518	1074	151	0.2707
5	959 m/s	0.9772	San Diego	fish	0.7681	0.2287	0.1484	545	793	519	0.2451
0	795 m/s	0.7428	Modesto	pig	0.1895	0.4666	0.4544	675	126	780	0.3316
3	437 m/s	0.1006	Santa Ana	fish	0.9788	0.7231	0.6092	1265	779	370	0.8847
0	480 m/s	0.8946	Modesto	chicken	0.2833	0.1924	0.7453	909	306	875	0.0642
4	749 m/s	0.5383	San Bernardino	rabbit	0.2239	0.4817	0.2928	177	344	834	0.5626
0	711 m/s	0.8567	Santa Clarita	NULL	0.4857	0.3477	0.8123	606	21	792	0.3157
4	935 m/s	0.5248	San Bernardino	rabbit	0.0926	0.2568	0.3346	-7	674	900	0.8119
4	667 m/s	0.6407	Oakland	rabbit	0.2416	0.2691	0.0934	25	356	1301	0.6977
5	900 m/s	1.0138	San Diego	pig	0.6656	0.2404	0.4579	400	772	517	0.3472
3	485 m/s	0.0981	Moreno Valley	fish	0.8298	0.6095	0.8447	855	935	283	0.6329
4	756 m/s	0.6417	San Bernardino	rabbit	0.431	0.2336	0.0658	156	497	934	0.8899
2	225 m/s	0.2802	San Jose	rabbit	0.1492	0.8446	0.9443	548	963	26	0.3213
5	963 m/s	0.8587	San Bernardino	cat	0.8356	-0.079	0.6822	416	892	428	0.4955
1	361 m/s	0.515	Fremont	hamster, guinea pig	0.6042	0.585	0.3693	378	-106	478	0.8137
1	196 m/s	0.5418	Riverside	guinea pig	0.5212	0.598	0.2771	14	202	265	1.0663
4	834 m/s	0.6478	Chula Vista	rabbit	0.3468	0.27	0.1401	313	373	929	0.6968
1	382 m/s	0.524	Long Beach	reptile, hamster	0.6883	0.5464	0.1093	443	164	218	1.0768
2	176 m/s	0.2263	Anaheim	dog	0.0855	1.0652	1.2455	552	776	18	0.3285
5	883 m/s	0.7001	Bakersfield	bird	0.8997	0.0517	0.2158	699	784	420	0.3692
1	320 m/s	0.2875	Irvine	Hamster, Guinea Pig	0.4819	0.6065	0.3445	218	156	343	1.1933
1	438 m/s	0.4133	Los Angeles	guinea pig	0.2918	0.5404	0.0699	295	456	79	0.8879
3	549 m/s	-0.0043	Moreno Valley	fish	0.8573	0.6562	0.6417	1030	864	314	1.1683
5	836 m/s	0.7698	Modesto	bird	0.771	0.1533	0.6141	260	676	460	0.5277
0	621 m/s	0.6522	Modesto	pig	0.405	0.4302	0.6617	437	198	861	0.1184
2	180 m/s	0.2799	Anaheim	ferret, rat	0.241	0.8772	1.3866	354	874	116	0.2863
4	702 m/s	0.6128	San Bernardino	rabbit	0.3333	0.3476	-0.0228	38	523	1178	0.5441
3	554 m/s	0.3664	Santa Ana	fish	0.7256	0.9327	0.7241	830	515	369	0.719
3	452 m/s	0.2647	Moreno Valley	fish	0.9708	0.6693	0.8085	1337	965	399	0.9597
5	1198 m/s	1.0714	SAN DIEGO	bird	0.7272	0.1429	0.1376	351	585	781	0.4725
1	396 m/s	0.5153	Oakland	guinea pig, reptile	0.5535	0.5041	0.26	449	-42	293	0.9045
1	349 m/s	0.5412	Fremont	reptile, hamster	0.5906	?	0.4292	289	344	89	0.9433
5	1088 m/s	1.0555	San Diego	cat	0.6509	0.2166	0.5727	415	477	499	0.5375
3	374 m/s	0.1042	Santa Ana	fish	0.8073	0.6911	0.9314	707	1008	378	0.733
4	643 m/s	0.648	Moreno Valley	rabbit	0.1154	0.2424	0.0367	-5	670	972	0.8046
1	298 m/s	0.5518	Long Beach	cat	0.6297	0.7058	0.4499	148	64	321	0.8457
2	73 m/s	0.2461	San Jose	N/A	0.008	0.8848	0.9605	650	741	186	0.4006
4	861 m/s	0.5486	Fresno	rabbit	0.0884	0.4209	0.0114	-159	413	1048	0.5713
3	676 m/s	0.2247	Santa Ana	fish	0.9077	0.7421	0.8287	1133	792	397	0.7727
1	277 m/s	0.6144	Riverside	rabbit	0.7068	0.4936	0.2093	474	-34	203	0.8715
1	229 m/s	0.2259	Fremont	guinea pig, reptile	0.6642	0.7089	0.3086	113	33	246	1.062
2	310 m/s	0.3236	Riverside	ferret	0.2311	0.893	0.9633	577	775	12	0.3453
5	997 m/s	0.8723	Bakersfield	cat	0.7443	0.2255	0.3398	300	908	688	0.4548
3	524 m/s	-0.013	Sacramento	fish	1.088	0.7531	0.5714	679	513	232	0.8946
0	585 m/s	0.685	Santa Clarita	chicken	0.3575	0.3398	0.5856	809	146	793	0.1844
5	780 m/s	0.8817	Bakersfield	bird	0.8696	-0.0084	0.4206	224	553	650	0.3281
4	800 m/s	0.4958	Stockton	rabbit		0.5343	0.158	350	338	1197	0.8824
0	515 m/s	0.8668	Santa Clarita	pig	0.4469	0.4333	0.535	939	170	933	0.1654
0	582 m/s	0.5281	Santa Clarita	pig	0.3271	0.5134	0.8921	446	57	857	0.0837
5	1038 m/s	0.8114	San Diego	bird	0.73	0.2341	0.3996	503	564	477	0.4422
4	986 m/s	0.6762	San Diego	rabbit	0.3399	0.3422	0.184	-94	508	1013	0.5628
1	425 m/s	0.4286	Los Angeles	guinea pig	0.8234	0.5899	0.2417	268	348	176	0.7725
5	953 m/s	0.9074	Oakland	bird	0.7666	0.1376	0.2075	261	766	406	0.5106
1	316 m/s	0.4537	Riverside	guinea pig	0.5844	0.5295	0.0888	216	24	159	0.9886
2	19 m/s	0.266	Anaheim	rat, dog	0.2611	N/A	0.9934	526	938	102	0.2569
5	796 m/s	0.8855	Sacramento	bird	1.1186	0.1519	0.2579	408	822	652	0.3024
5	999 m/s	0.8066	Fremont	cat	0.6883	0.1382	0.4533	662	615	771	0.4012
2	183 m/s	0.3538	Anaheim	rat, ferret	0.3795	1.0848	0.7736	416	708	109	0.1796
2	41 m/s	0.3643	San Jose	rat	-0.0635	0.8811	0.9109	747	698	228	0.369
1	207 m/s	0.6581	Fremont	guinea pig	0.432	0.4733	0.3879	305	-333	150	0.9504
0	733 m/s	0.8138	Santa Clarita	chicken	0.4091	0.4878	0.8215	820	584	841	0.1333
4	722 m/s	0.4486	Stockton	rabbit	0.2299	0.4998	0.1046	-23	633	1230	0.5835
0	581 m/s	0.4953	Modesto	pig	0.1858	0.3363	0.4985	904	120	677	-0.0257
1	366 m/s	0.3746	San Diego	bird	0.4961	0.7077	0.109	20	60	156	0.9188
2	41 m/s	0.3091	San Jose	dog, rat	0.128	0.7708	0.7282	248	591	166	0.4751
2	327 m/s	0.2551	Anaheim	dog, ferret	0.0507	1.1429	1.1085	349	859	191	0.2306
1	214 m/s	0.1857	Long Beach	reptile, guinea pig	0.4148	0.7863	0.3263	468	-179	264	0.9959
4	665 m/s	0.7532	Fresno	rabbit	0.2446	0.3715	0.0917	N/A	481	1105	1.0176
4	606 m/s	0.8416	Stockton	rabbit	0.437	0.4257	-0.1414	46	244	1199	0.6636
0	514 m/s	0.3507	Modesto	pig	0.4581	0.3528	0.718	910	260	809	0.1631
0	640 m/s	0.6926	Modesto	chicken	0.3905	0.4178	0.8803	541	398	597	0.2136
4	976 m/s	0.7574	San Bernardino	rabbit	N/A	0.517	0.1534	256	136	1082	0.8176
4	729 m/s	0.7768	Fresno	rabbit	0.1201	0.3096	0.1612	68	328	942	0.5735
3	396 m/s	0.0034	San Francisco	fish	1.0087	0.62	0.5531	557	1110	227	0.8382
0	428 m/s	0.6723	Santa Clarita	pig	0.4245	0.414	0.5915	776	145	1017	0.1501
3	481 m/s	0.2423	Moreno Valley	fish	0.7785	0.6295	0.7547	1044	969	362	0.8832
2	-78 m/s	0.3753	Anaheim	dog, ferret	-0.0669	1.0461	1.2552	405	819	-102	0.2459
5	911 m/s	0.954	Sacramento	bird	0.7735	0.0786	0.3095	139	381	593	0.4956
2	207 m/s	0.1343	Anaheim	ferret, dog	-0.0098	1.0816	0.9723	789	1139	53	0.2732
5	1057 m/s	0.947	Bakersfield	cat	0.745	-0.0441	0.2227	367	646	642	0.4537
4	745 m/s	0.8454	n/a	rabbit	0.1443	0.1661	0.4255	79	475	1027	0.6075
5	956 m/s	0.8804	Bakersfield	bird	0.8147	-0.038	0.5246	443	498	644	0.2572
4	995 m/s	0.6403	Chula Vista	rabbit	0.1444	0.3587	-0.0822	65	433	1005	0.4272
4	757 m/s	0.5822	San Bernardino	rabbit	0.0782	0.3716	0.0616	32	490	1114	0.5662
3	551 m/s	0.0218	Moreno Valley	fish	0.9678	0.7898	0.8354	1036	631	266	0.8216
1	413 m/s	0.485	Long Beach	guinea pig, hamster	0.6001	0.6235	0.1832	669	-79	293	1.0375
2	245 m/s	0.3477	Anaheim	ferret, dog	0.284	0.8816	1.1402	352	710	178	0.2674
3	627 m/s	-0.0346	Santa Ana	fish	0.8809	0.8776	0.5459	872	931	580	
3	757 m/s	0.3276	Santa Ana	fish	0.9019	0.704	0.413	979	626	349	0.6737
1	326 m/s	0.2942	Long Beach	rabbit	0.6297	0.7403	0.0541	189	67	93	1.0512
4	582 m/s	0.6648	San Bernardino	hamster	0.3515	0.4464	0.1558	118	254	1065	0.7456
4	736 m/s	0.769	stockton	rabbit	0.0795	0.2952	-0.0558	273	453	1053	0.6921
1	454 m/s	0.3191	Long Beach	hamster, reptile	0.687	0.5646	0.2084	-10	181	103	1.1095
3	568 m/s	0.0157	Moreno Valley	fish	0.8794	0.76	0.3847	633	763	335	0.8224
4	757 m/s	0.7242	Fresno	rabbit	0.0834	0.3373	0.0996	188	363	1270	0.6759
5	969 m/s	1.0763	SAN DIEGO	cat	0.934	0.167	0.3948	292	706	535	0.6509
3	537 m/s	0.0175	San Francisco	hamster	0.939	0.6877	0.567	740	1083	397	0.7636
1	439 m/s	0.5841	Fremont	reptile	0.4644	0.515	0.161	463	-198	304	1.269
2	193 m/s	0.3229	Anaheim	rat	0.1006	1.0565	0.7833	365	741	96	0.1981
2	53 m/s	0.2061	Santa Ana	rat, dog	-0.0126	0.9659	1.0371	265	809	227	0.2399
3	351 m/s	0.2197	Santa Ana	fish	1.1778	0.5867	0.7494	822	778	422	0.5945
2	96 m/s	0.3366	Riverside	rat	0.0693	1.259	1.2414	580	746	105	0.1921
4	632 m/s	0.5139	Chula Vista	rabbit	0.0833	0.4814	0.0562	-94	548	1059	0.7556
4	754 m/s	0.4951	Fresno	rabbit	0.4113	0.4491	0.1231	-87	300	1012	0.4065
2	238 m/s	0.3095	ANAHEIM	dog	0.0468	1.0856	0.6894	735	707	-34	0.4517
4	796 m/s	0.7373	San Bernardino	rabbit	0.1767	0.087	-0.0506	-115	670	994	0.4779
1	333 m/s	0.4523	Los Angeles	fish	0.6604	0.6786	0.0112	407	23	278	0.9535
1	331 m/s	0.4354	Irvine	hamster, reptile	0.5275	0.6574	0.2345	499	289	410	0.8451
5	686 m/s	1.0417	Bakersfield	bird	0.7362	0.0832	0.476	533	803	695	0.504
1	397 m/s	0.2072	Los Angeles	reptile, hamster	0.4634	0.5214	n/a	-32	112	-10	1.0045
1	280 m/s	0.3691	Los Angeles	rat, dog	0.6713	0.3665	0.0713	303	327	292	1.113
2	161 m/s	0.2472	Fresno	ferret, rat	0.1466	0.8928	0.9335	488	737	84	0.559
5	883 m/s	1.0118	San Diego	bird	0.9022	-0.0397	0.2435	263	454	541	0.4118
4	671 m/s	0.7089	Fresno	RABBIT	0.4594	0.3158	0.3028	160	314	1106	0.8033
3	435 m/s	0.1173	Moreno Valley	fish	1.0074	0.7907	0.6136	963	1283	192	0.8572
5	1054 m/s	1.0296	San Diego	cat	1.0766	0.0926	0.5989	-100	618	458	0.4469
0	371 m/s	0.4681	Santa Clarita	chicken	0.5057	0.4837	0.605	704	45	606	-0.0389
1	206 m/s	0.3371	modesto	reptile, guinea pig	0.7624	0.4513	0.3799	279	n/a	95	0.8768
5	803 m/s	0.8261	Bakersfield	fish	0.675	0.1792	0.0404	289	631	456	0.4452
0	775 m/s	0.469	Modesto	chicken	0.2479	0.2839	0.8365	726	408	804	-0.1152
2	-15 m/s	-0.0155	Riverside	dog, ferret	0.1482	0.8014	1.1527	930	878	176	0.1177
1	281 m/s	0.6093	Fremont	hamster	0.5961	0.8717	0.2286	384	5	254	0.976
3	564 m/s	-0.0107	Moreno Valley	fish	0.8114	0.8242	0.4253	787	1027	231	0.6613
0	625 m/s	0.6673	Santa Clarita	chicken	0.4467	0.5964	0.3952	924	413	821	0.3895
5	741 m/s	1.0951	Sacramento	cat	0.8209	0.0455	0.2927	240	687	346	0.7512
0	577 m/s	0.5441	Santa Clarita	chicken	0.4076	0.397	0.7187	674	560	670	-0.0271
3	473 m/s	0.1847	Santa Ana	fish	0.826	0.6439	0.7324	745	707	501	0.4923
5	812 m/s	0.7967	Bakersfield	cat	0.9062	0.239	0.2916	260	490	761	0.4239
0	504 m/s	0.5545	Santa Clarita	chicken	0.2732	0.3993		797	438	655	-0.1926
4	922 m/s	0.7115	San Bernardino	rabbit	0.2666	0.5208	-0.2701	-28	596	939	0.5754
1	397 m/s	0.5746	Long Beach	ferret, rat	0.7478	0.6066	0.3557	305	439	85	1.0132
1	283 m/s	0.4763	Los Angeles	hamster	0.5769	0.6291	0.3502	378	124	197	0.9188
3	357 m/s	0.21	Moreno Valley	fish	0.9035	0.7453	0.6957	857	863	493	0.5388
1	159 m/s	0.4623	Irvine	hamster, reptile	0.716	0.5044	0.1813	314	-199	158	1.0137
5	931 m/s	1.0708	Bakersfield	bird	0.9172	-0.1032	0.4525	55	827	732	0.2759
4	852 m/s	0.8218	Oakland	rabbit	0.3994	0.3317	0.0078	41	383	970	0.4758
3	562 m/s	0.2598	Santa Ana	fish	0.9185	0.8762	0.6354	702	838	410	0.6562
1	391 m/s	0.2838	Long Beach	hamster, guinea pig	0.5424	0.5066	0.4555	223	-73	203	1.0085
5	983 m/s	1.2952	Long Beach	bird	0.8386	-0.0313	0.371	470	702	537	0.6145
3	537 m/s	0.1089	Santa Ana	fish	0.892	0.7905	0.6071	716	780	477	1.0782
2	135 m/s	0.3852	Riverside	reptile, hamster	0.0072	1.0471	1.0323	273	1005	123	0.2249
2	92 m/s	0.3086	Riverside	bird	0.082	0.9802	0.9492	596	1102	153	0.3777
5	805 m/s	1.0861	San Francisco	guinea pig	0.7589	0.1606	0.2763	524	612	435	0.4225
0	637 m/s	0.7383	Santa Clarita	chicken	0.3971	0.3558	0.9162	511	367	827	0.1819
0	700 m/s	0.5378	Santa Clarita	pig	0.3636	0.3452	0.6691	887	110	800	0.0292
5	934 m/s	0.9956	Sacramento	bird	0.7663	0.084	0.4204	287	835	599	0.6422
2	311 m/s	0.3731	San Jose	dog, rat	0.0459	0.9353	1.0413	562	953	230	0.49
5	885 m/s	0.8259	San Bernardino	bird	0.7637	-0.1309	0.3114	457	753	745	0.2975
0	648 m/s	0.6471	Irvine	chicken	0.4849	0.3632	0.7627	872	487	805	
3	480 m/s	0.1422	San Francisco	fish	0.7003	0.7979	0.4842	1145	924	255	0.6615
2	215 m/s	0.3127	Anaheim	dog, ferret	0.1109	0.8401	0.8012	646	1133	133	0.4288
2	371 m/s	0.1778	Riverside	dog, ferret	-0.1215	1.0558	0.9975	602	746	225	0.2309
0	644 m/s	0.5637	Santa Clarita	chicken	0.2587	0.2594	0.9466	955	328	896	0.3194
0	713 m/s	0.6577	Santa Clarita	pig	0.3661	0.3916	0.8521	569	-46	632	0.0904
4	671 m/s	0.3869	Oakland	rabbit	-0.0102	0.3075	-0.1121	133	124	1042	0.5641
4	811 m/s	0.5764	Chula Vista	rabbit	0.253	0.4042	0.0453	126	465	936	0.9643
4	813 m/s	0.5333	Fresno	rabbit	0.1846	0.3539	0.1076	309	716	1083	0.5302
4	731 m/s	0.7558	Fresno	rabbit	0.2339	0.3719	0.2992	-221	410	1059	0.6523
0	540 m/s	0.6586	Santa Clarita	pig	0.3633	0.4473	0.7125	810	120	857	0.1849
4	809 m/s	0.6074	Chula Vista	rabbit	0.1719	0.004	0.0697	-24	-46	777	0.5484
4	833 m/s	0.6047	Fresno	rabbit	0.1566	0.2152	0.227	-106	347	1178	0.6359
2	355 m/s	0.1865	Riverside	dog, rat	-0.0389	0.962	1.0554	622	743	161	0.0421
2	159 m/s	0.2592	Riverside	dog	0.1477	0.7011	1.018	351	863	183	0.4516
0	686 m/s	0.6145	Santa Clarita	chicken	0.2178	0.3495	0.6057	683	139	783	0.1745
2	159 m/s	0.206	Irvine	rat	0.2147	1.0891	1.0124	644	653	76	0.3407
1	376 m/s	0.4273	Los Angeles	reptile, guinea pig	0.6944	0.6128	0.3145	521	-132	188	0.8909
4	744 m/s	0.7319	Fresno	rabbit	0.1111	0.5063	0.3312	406	644	1232	0.556
3	427 m/s	0.2299	San Francisco	fish	0.8428	0.5094	1.0087	562	773	349	0.9272
2	314 m/s	0.3924	San Jose	pig	0.0403	0.7814	1.07	615	447	69	0.2535
4	880 m/s	0.7544	Chula Vista	rabbit	0.0927	0.4015	0.1569	113	234	1138	0.8743
4	830 m/s	0.4841	San Bernardino	rabbit	0.3477	0.6045		202	418	940	0.7857
5	960 m/s	0.7385	Long Beach	cat	0.5687	0.0212	N/A	427	1010	557	0.4516
4	746 m/s	0.7854	Stockton	rabbit	0.2409	0.1618	-0.0267	269	82	1236	0.5673
5	1221 m/s	0.9738	Bakersfield	bird	0.9044	0.1149	0.1346	238	945	589	0.307
2	173 m/s	0.5005	Riverside	rat	-0.098	0.9846	0.8958	564	769	11	0.1834
2	89 m/s	0.3356	Anaheim	ferret, rat	-0.0549	0.9153	0.9275	688	989	38	0.3509
0	673 m/s	0.5915	Modesto	chicken	0.4468	0.3397	0.7412	618	377	890	0.1555
3	569 m/s	-0.0559	Moreno Valley	chicken	0.9743	0.6618	0.4436	1014	838	283	0.8636
3	503 m/s	-0.2137	Fresno	fish	0.7181	0.7667	0.756	778	646	478	0.5963
3	575 m/s	0.039	Santa Ana	fish	0.9565	0.7619	0.3363	944	899	465	0.9604
0	608 m/s	0.7496	Modesto	pig	0.73	0.3922	0.7744	921	147	817	-0.0686
2	179 m/s	0.2648	Riverside	rat, dog	0.3498	0.9777	0.9785	700	858	87	0.2298
5	893 m/s	0.9467	Bakersfield	pig	0.5667	-0.2201	0.4051	413	694	721	0.1608
2	152 m/s	0.3928	San Jose	dog, rat	0.2184	1.0443	0.9584	679	707	142	0.2403
2	-10 m/s	0.2646	Riverside	ferret, rat	0.0786	0.9094	1.0066	504	1004	229	0.1638
0	512 m/s	0.6089	Santa Clarita	Chicken	0.2293	0.3081	0.8724	595	284	695	0.0455
4	902 m/s	0.6129	San Bernardino	RABBIT	0.1715	0.2494	-0.0754	-91	202	947	0.4546
1	275 m/s	0.3551	Fremont	GUINEA PIG, REPTILE	0.5231	0.6671	?	172	137	327	1.0452
4	793 m/s	0.4675	Fresno	rabbit	0.2448	0.311	-0.0518	184	393	955	0.655
1	183 m/s	0.4125	Irvine	hamster	0.6346	0.4681	0.2904	186	37	58	1.0798
3	590 m/s	0.0955	Modesto	fish	0.9207	0.7911	0.6333	739	n/a	244	0.6366
4	653 m/s	0.7513	Stockton	rabbit	0.3393	0.2344	0.0326	-259	57	858	0.7537
2	185 m/s	0.2568	Riverside	rat	-0.0904	0.679	0.8853	672	1025	73	0.3394
4	701 m/s	0.766	Chula Vista	rabbit	0.0953	0.4303	-0.0526	318	158	1187	0.6671
4	695 m/s	0.2047	San Bernardino	rabbit	0.2336	0.249	-0.1007	95	407	886	0.6899
3	573 m/s	0.2859	San Francisco	fish	0.811	0.8495	0.7567	885	774	525	0.7582
2	98 m/s	0.2766	San Jose	ferret, dog	-0.004	1.0083	1.2791	518	771	110	0.3338
5	752 m/s	0.9202	Sacramento	CAT	1.0662	0.1232	0.2943	308	549	581	0.3252
5	950 m/s	1.0721	Sacramento	cat	0.9564	0.2525	0.4677	333	740	524	0.6777
5	1032 m/s	0.8863	Sacramento	cat	0.6421	0.0627	0.1805	108	683	591	0.5043
1	217 m/s	0.7533	Fremont	guinea pig	0.5619	0.5268	0.1721	None	166	365	1.0926
1	387 m/s	0.6088	Fremont	guinea pig, hamster	0.6444	0.4771	-0.0265	234	95	314	1.0822
2	182 m/s	0.3991	Anaheim		-0.2374	0.9914	1.1568	337	1020	163	0.27
0	378 m/s	0.6418	Modesto	chicken	0.3987	0.4169	0.9285	577	262	817	-0.0278
0	404 m/s	0.5568	Modesto	pig	0.5396	0.2029	0.7262	912	-37	802	-0.1225
5	1064 m/s	1.2569	Bakersfield	bird	1.0861	-0.1513	0.494	605	174	634	0.5211
0	523 m/s	0.5792	Santa Clarita	chicken	0.2068	0.2318	0.9134	918	-189	626	0.1617
5	828 m/s	0.9918	San Diego	dog	0.5812	0.0043	0.2684	265	374	629	0.6619
4	691 m/s	0.8249	Oakland	rabbit	0.6345	0.5393	0.0981	63	585	946	0.5482
2	163 m/s	0.2418	Riverside	ferret, dog	0.1449	0.9574	0.9219	395	1110	432	0.502
3	442 m/s	n/a	San Francisco	fish	0.866	0.532	0.7858	1049	1104	443	0.8093
0	373 m/s	0.5838	Santa Clarita	chicken	0.5543	0.6065	0.5606	695	97	951	-0.0047
5	1122 m/s	1.0857	Santa Clarita	cat	0.6931	0.0449	0.6172	160	386	707	0.7797
1	204 m/s	0.4037	Long Beach	hamster	0.4412	0.4572	0.2837	273	147	327	0.9942
1	356 m/s	0.3472	Los Angeles	reptile	0.651	0.4113	0.1848	34	-139	196	1.1434
2	-18 m/s	0.0457	San Jose	dog, rat	0.1944	0.9383	0.8571	802	685	-58	0.4012
1	245 m/s	0.4368	Irvine	hamster	0.6085	0.7554	0.5457	67	166	512	1.1268
5	828 m/s	0.899	San Diego	bird	0.8013	0.0119	0.1354	380	838	639	0.4275
5	923 m/s	1.0626	San Diego	bird	0.9005	0.2136	0.4636	267	714	305	0.299
1	365 m/s	0.2918	Long Beach	hamster, guinea pig	0.6353	0.6253	0.2226	623	125	283	0.8974
0	659 m/s	0.7203	Modesto	chicken	0.3914	0.4035	0.9695	1302	460	703	-0.1376
0	570 m/s	0.8147	Modesto	cat	0.3482	0.0902	0.4992	1181	-35	784	0.1712
0	652 m/s	0.7378	Modesto	chicken	0.0926	0.5859	0.3918	936	15	973	0.0479
5	792 m/s	1.039	Bakersfield	cat	0.8569	-0.0056	0.164	6	806	456	0.3283
1	403 m/s	0.302	Long Beach	hamster, guinea pig	0.4231	0.7533	?	612	-161	255	1.1365
1	406 m/s	0.5846	Irvine	reptile, hamster	0.8884	0.3603	0.2032	346	150	260	1.0333
1	380 m/s	0.3684	Fremont	guinea pig, hamster	0.7105	0.4373	0.196	426	427	382	0.8512
4	860 m/s	0.7102	San Bernardino	reptile	0.2241	0.4448	0.1565	131	266	801	0.6275
2	5 m/s	0.2709	San Jose	rat, ferret	0.0419	1.027	1.2072	594	746	-148	0.0919
4	803 m/s	0.8757	Oakland	rabbit	0.2652	0.1656	-0.0276	238	305	815	0.8503
0	484 m/s	0.6671	Santa Clarita	chicken	0.4018	0.535	0.8004	481	149	940	0.0042
0	633 m/s	0.8511	Santa Clarita	chicken	0.0445	0.4134	0.4175	904	315	847	0.051
0		0.5893	Santa Clarita	pig	0.7408	0.3333	0.8283	610	-85	501	0.2342
1	172 m/s	0.3754	Los Angeles	hamster, reptile	0.6653	0.402	0.4345	583	-150	?	0.9765
5	1097 m/s	0.7948	Fresno	bird	0.9624	0.1466	0.104	195	456	530	0.3547
2	145 m/s	0.1854	Anaheim	chicken	-0.0042	0.8315	0.8515	673	814	202	0.2306
0	511 m/s	0.7974	Santa Clarita	chicken	0.3583	0.4026	0.6379	681	195	594	0.0742
1	292 m/s	0.2987	Fresno	guinea pig, hamster	0.5576	0.5069	0.3492	191	166	176	0.9386
5	1093 m/s	1.0472	Bakersfield	bird	0.877	0.0289	0.327	555	671	558	0.5481
0	682 m/s	0.5356	Modesto	chicken	0.4838	0.2858	0.693	873	98	868	0.2574
1	577 m/s	0.4869	Long Beach	guinea pig, reptile	0.6435	0.4534	0.198	116	89	260	0.9662
3	530 m/s	0.2253	Moreno Valley	ferret, dog	0.9734	0.6766	0.6457	927	921	428	0.6396
1	328 m/s	0.6491	Irvine	chicken	0.6217	0.5658	0.1697	297	257	175	0.8074
4	579 m/s	0.6595	Chula Vista	rabbit	0.2003	0.5258	-0.1469	77	450	1204	0.7852
1	316 m/s	0.5828	Irvine	hamster	0.4011	0.6453	0.0521	646	183	140	1.1337
5	984 m/s	0.9671	Bakersfield	cat	0.9033	-0.0345	0.5149	267	774	633	0.6375
2	184 m/s	0.4366	San Jose	rat, ferret	0.0814	1.0183	0.816	684	746	155	0.3074
4	648 m/s	0.5656	Chula Vista	rabbit	0.3302	0.4713	0.1766	170	131	911	0.781
1	322 m/s	0.4396	Los Angeles	reptile, hamster	0.6355	0.6287	0.0617	799	41	N/A	0.8059
3	345 m/s	0.0908	Moreno Valley	fish	1.1514	0.7584	0.6789	1177	667	451	0.9812
2	36 m/s	0.3	Anaheim	Dog	0.1644	0.8861	0.9351	449	762	48	0.0468
1	400 m/s	0.3522	Irvine	guinea pig	0.5222	0.7495	0.3029	585	119	429	1.0029
1	368 m/s	0.4654	Fremont	hamster	0.5707	0.7251	0.0293	597	23	-51	None
4	721 m/s	0.6892	San Bernardino	rabbit	0.2957	0.5035	0.0079	12	370	1074	0.8944
5	978 m/s	0.8666	San Diego	bird	0.7692	0.1872	0.6145	298	496	536	0.4393
4	771 m/s	0.7464	Stockton	rabbit	0.3754	0.2789	0.3493	314	388	897	0.6115
2	113 m/s	0.1153	Anaheim	ferret	-0.0943	0.7642	1.058	727	609	55	0.2992
0	579 m/s	0.6432	Modesto	chicken	0.2509	0.3909	1.0274	744	260	870	-0.0633
5	885 m/s	1.0836	Sacramento	bird	0.8651	-0.0407	0.2235	233	729	385	0.514
1	454 m/s	0.43	Irvine	hamster	0.5993	0.5378	-0.0062	372	-28	242	1.072
0	563 m/s	0.7443	Santa Clarita	chicken	0.6301	0.3702	0.5309	782	225	876	0.201
4	847 m/s	0.6416	Chula Vista	rabbit	0.0561	0.4244	0.1903	3	312	1054	0.5809
0	631 m/s	0.5636	Santa Clarita	chicken	0.496	0.2873	0.5616	721	-25	922	0.0339
3	282 m/s	0.366	San Francisco	chicken	0.7051	0.7405	0.4136	814	973	409	0.806
2	15 m/s	0.1483	San Jose	rabbit	0.0928	0.8834	1.1242	518	611	206	0.3155
5	942 m/s	1.1217	San Diego	bird	1.0903	0.0159	0.2204	217	494	568	0.5368
1	361 m/s	0.321	?	pig	0.7828	0.7543	-0.1706	-81	-257	281	0.5952
3	456 m/s	-0.1052	None	fish	0.7877	0.5706	0.7304	1030	1109	433	0.6204
4	1006 m/s	0.7289	Chula Vista	rabbit	0.0171	0.3257	0.165	202	464	1052	0.8006
5	972 m/s	1.3063	Sacramento	bird	0.9181	0.1819	0.1588	87	959	528	0.5222
4	844 m/s	0.7869	Stockton	rabbit	0.3347	0.2124	0.219	259	358	1007	0.6022
2	-14 m/s	0.1012	Riverside	dog, rat	0.064	0.8353	0.9729	908	906	133	0.5158
2	126 m/s	0.424	Riverside	dog, rat	0.0264	0.9616	1.0135	519	820	-146	0.3862
1	372 m/s	0.3259	Irvine	guinea pig	0.6297	0.585	0.1911	488	-169	287	1.0119
0	429 m/s	0.8635	Modesto	Chicken	0.4129	0.4622	0.5546	619	119	662	0.0523
4	851 m/s	0.4635	Chula Vista	RABBIT	0.2339	0.2176	-0.086	-18	573	1042	0.7372
4	856 m/s	0.7657	Oakland	Rabbit	0.4392	0.3589	0.0085	-83	464	982	0.7238
5	1050 m/s	0.7514	Sacramento	bird	0.8427	0.1012	0.1981	533	563	431	0.5498
0	657 m/s	0.8338	Santa Clarita	reptile, hamster	0.1874	0.3584	0.7547	832	186	890	0.0963
4	746 m/s	0.4447	Oakland	rabbit	0.0	0.4994	-0.0232	194	582	1079	0.77
3	427 m/s	0.1487	Santa Ana	hamster, guinea pig	0.9266	0.959	0.5639	1071	863	570	0.9685
5	1237 m/s	0.9669	Los Angeles	cat	0.8233	0.1378	0.6924	12	684	633	0.3254
3	653 m/s	0.0606	Santa Ana	fish	1.0037	0.7833	0.524	n/a	708	336	0.9561
1	274 m/s	0.4108	Fremont	guinea pig	0.6193	0.5766	0.1485	295	153	326	0.8197
2	223 m/s	0.2971	San Jose	rat	0.1885	0.9445	0.8429	426	934	108	0.6392
5	933 m/s	1.0195	San Diego	cat	0.8512	0.2498	0.0639	-24	786	660	0.3797
2	148 m/s	0.1974	San Jose	ferret, rat	0.0591	0.787	0.8115	409	965	95	0.3775
0	529 m/s	0.5397	Santa Clarita	chicken	0.3602	0.4381	0.6614	606	352	839	0.2831
4	678 m/s	0.6888	Modesto	rabbit	0.2279	0.4365	0.308	NULL	514	1077	0.8985
3	508 m/s	0.2442	Santa Ana	fish	1.1731	0.7095	0.7907	1084	1113	507	0.8829
3	342 m/s	0.1269	Santa Ana	fish	0.9867	0.5088	0.6656	901	730	346	0.8212
3	546 m/s	0.246	Sacramento	fish	0.8068	0.8154	0.5567	854	685	374	0.7841
5	925 m/s	0.8878	Sacramento	bird	1.0113	0.1258	0.1529	466	582	576	0.4479
0	710 m/s	0.5756	Santa Clarita	pig	0.2259	0.398	0.5657	887	-43	780	0.2417
4	900 m/s	0.643	Stockton	rabbit	0.4421	0.4019	-0.1737	68	126	1077	0.7829
3	532 m/s	-0.055	San Francisco	fish	0.8947	0.6725	0.6666	953	908	337	0.8858
5	832 m/s	0.9693	San Diego	bird	0.8789	-0.0911	0.6546	315	636	564	N/A
4	827 m/s	0.5615	FRESNO	rabbit	0.2902	0.349	-0.117	218	305	1178	0.8525
0	659 m/s	0.7894	Modesto	chicken	0.3702	0.3121	0.735	922	304	880	-0.1647
3	610 m/s	0.0391	Santa Ana	fish	0.8879	0.8581	0.812	631	887	345	0.8942
5	930 m/s	1.0843	Bakersfield	rat, ferret	0.8018	0.2042	0.3438	525	621	467	0.2193
1	342 m/s	0.601	Fremont	reptile, hamster	0.6166	0.4425	0.2513	152	98	394	1.2238
1	292 m/s	0.4547	Irvine	hamster	0.6317	0.2551	0.2275	175	292	383	0.842
4	757 m/s	0.5658	Oakland	ferret	0.4011	0.2824	-0.0332	191	294	873	0.7357
4	751 m/s	0.854	Chula Vista	ferret, dog	0.421	0.4474	0.1299	269	267	962	0.6632
5	794 m/s	1.042	Sacramento	CHICKEN	0.7919	0.2538	0.4148	258	524	603	0.6861
4	649 m/s	0.8252	Fresno	rabbit	0.2641	0.1791	0.2817	49	365	860	0.8576
4	754 m/s	0.5352	Santa Clarita	rabbit	0.2335	0.3228	-0.0524	176	462	1009	0.5588
3	624 m/s	0.0846	Santa Clarita	fish	0.8386	0.8107	0.5972	750	988	536	0.9318
3	690 m/s	0.0615	Riverside	fish	0.9484	0.7768	0.3111	816	767	568	0.7537
0	593 m/s	0.7581	Bakersfield	chicken	0.1855	0.5232	0.6067	530	-161	854	0.306
5	896 m/s	1.1876	Sacramento	bird	0.9509	0.1101	0.2314	342	597	622	0.5556
4	984 m/s	0.5674	Fresno	rabbit	0.1678	0.4735	0.028	122	481	841	0.4536
0	799 m/s	0.6079	Modesto	pig	0.1503	0.277	0.7315	823	-14	840	0.1213
5	818 m/s	0.8489	Sacramento	rat, ferret	0.961	0.0269	0.5274	451	513	602	0.7327
5	856 m/s	1.071	Bakersfield	cat	0.7274	-0.1173	0.4439	529	600	667	0.6032
0	349 m/s	0.4517	Modesto	chicken	0.2843	0.589	0.6033	994	414	654	0.0803
3	529 m/s	0.2834	Santa Ana	fish	0.925	0.6573	0.5996	1059	1146	418	0.7087
3	462 m/s	0.3122	Oakland	fish	0.886	0.7907	0.5	842	534	281	0.9058
3	366 m/s	0.1787	Moreno Valley	Fish	0.8498	0.8235	0.5571	821	1140	317	0.6453
4	553 m/s	0.4733	Oakland	rabbit	0.3007	0.2528	0.1648	-196	206	955	0.6498
3	613 m/s	-0.1342	Santa Clarita	fish	0.7835	0.715	0.7512	859	946	540	0.9155
2	250 m/s	0.3947	San Francisco	DOG	0.1148	0.8113	0.9845	877	1008	94	0.1472
5	928 m/s	0.9287	San Diego	bird	0.9378	0.2096	0.3922	264	682	439	0.469
0	484 m/s	0.6494	sANTA cLARITA	chicken	0.1375	0.4691	0.6274	606	137	1004	0.1288
2	96 m/s	0.1681	San Jose	dog	0.2062	0.9575	0.9701	677	835	56	0.1883
5	905 m/s	0.9651	Sacramento	cat	0.8487	-0.0108	0.3859	380	860	569	0.57
5	970 m/s	0.907	Sacramento	bird	0.8256	0.0548	0.4104	386	732	609	0.5413
2	236 m/s	0.1994	San Jose	rat, dog	0.1235	0.9165	0.8391	339	733	187	0.3211
5	969 m/s	1.0958	Bakersfield	cat	0.8355	0.0582	0.3658	108	655	571	0.5626
4	733 m/s	0.7845	Stockton	rabbit	0.0787	0.4267	0.1247	n/a	586	1122	0.5096
4	760 m/s	0.661	Oakland	rabbit	0.4027	0.4691	0.0136	-36	550	1169	0.5034
0	582 m/s	0.6059	Modesto	pig	0.1393	0.337	0.7932	660	287	795	0.1874
1	320 m/s	0.4283	Long Beach	guinea pig	0.6477	0.5216	0.3533	15	-167	207	1.0884
2	128 m/s	0.1937	Anaheim	rat, ferret	0.0546	1.182	1.0049	394	938	31	0.1064
2	122 m/s	0.2579	Anaheim	ferret, dog	0.0547	0.8557	0.9903	935	684	55	0.4208
2	151 m/s	0.0794	San Jose	ferret	-0.0356	0.8132	0.7296	408	770	114	0.1988
2	175 m/s	0.37	Anaheim	dog, ferret	0.0133	0.9352	1.0905	851	950	122	0.2598
2	-13 m/s	0.2447	Riverside	ferret, rat	0.0683	0.8134	0.8469	585	1100	39	0.2117
0	745 m/s	0.6716	Santa Clarita	pig	0.3554	0.2935	0.5276	NULL	247	784	0.074
1	325 m/s	0.4711	Fremont	reptile, hamster	0.5113	0.6532	0.3301	-4	-101	229	0.8833
5	921 m/s	1.228	Sacramento	bird	0.8821	-0.0091	0.0268	311	759	623	0.3399
5	934 m/s	0.9764	Sacramento	cat	0.9629	0.2584	0.3335	593	436	n/a	0.5857
3	582 m/s	-0.0389	Santa Ana	fish	0.8997	0.8327	0.5616	904	1024	518	0.9812
5	862 m/s	0.9309	Sacramento	cat	0.723	0.1567	0.4658	310	507	649	0.4717
3	342 m/s	0.2034	Moreno Valley	fish	1.0008	0.5531	0.6317	834	1027	334	0.7169
4	987 m/s	0.7051	San Bernardino	rabbit	0.1262	0.4653	0.3734	-16	210	1007	0.849
2	215 m/s	0.2042	Santa Clarita	rat	0.1471	1.0745	0.963	823	724	269	0.2785
1	275 m/s	0.355	Los Angeles	GUINEA PIG, REPTILE	0.4799	0.548	NULL	443	66	298	1.1993
4	741 m/s	0.585	Stockton	fish	0.1797	0.3585	0.27	57	408	1047	0.4943
4	802 m/s	0.6125	Chula Vista	rabbit	0.4023	0.1683	0.0669	88	247	717	0.5207
4	754 m/s	0.569	Stockton	bird	0.3143	0.3544	0.2902	305	178	964	0.4617
0	699 m/s	0.6122	Santa Clarita	pig	0.3913	0.3873	0.5651	702	264	906	0.3234
5	850 m/s	1.0597	Moreno Valley	cat	0.7472	0.0963	0.4598	127	365	623	0.5146
0	671 m/s	0.8911	Modesto	CHICKEN	0.1615	0.3415	0.7224	789	157	988	0.2391
3	315 m/s	0.092	Moreno Valley	fish	0.8782	0.8395	0.4581	865	808	372	0.6316
4	976 m/s	0.7114	San Francisco	rabbit	0.4224	0.3713	-0.2591	162	-138	891	0.7352
2	120 m/s	0.2743	Anaheim	rat, ferret	-0.0804	1.1691	0.9714	417	756	139	0.1943
0	692 m/s	0.5606	Modesto	pig	0.2849	0.4288	0.6584	952	432	749	0.0023
5	NULL	0.854	Sacramento	cat	0.7037	0.0212	0.0595	307	516	449	0.4863
4	726 m/s	0.5442	Chula Vista	rabbit	0.3881	0.2868	0.2762	197	371	1180	0.7749
3	427 m/s	0.0862	Moreno Valley	fish	0.8029	0.8486	0.5447	1048	1097	316	0.8499
5	913 m/s	1.0051	San Diego	pig	0.6423	-0.1938	0.4485	363	806	746	0.3291
3	329 m/s	0.1128	San Francisco	fish	0.809	0.7146	0.8815	951	828	485	0.9572
3	360 m/s	0.3075	San Francisco	fish	0.9724	0.8001	0.2485	757	846	343	0.7652
4	657 m/s	0.6651	Oakland	rabbit	0.3774	0.3105	0.0034	-328	253	963	0.6099
5	978 m/s	0.9995	Bakersfield	bird	0.8437	0.0506	0.3044	273	413	559	0.2774
3	504 m/s	0.0957	Moreno Valley	fish	1.2007	0.5179	0.5911	945	623	248	0.95
3	606 m/s	0.0716	Moreno Valley	fish	0.775	0.6084	0.6467	1196	1030	470	0.7432
1	462 m/s	0.4625	Irvine	guinea pig, reptile	0.5141	0.4229	0.3505	533	174	306	0.769
5	985 m/s	0.9203	San Diego	rabbit	0.9499	0.3476	0.1989	323	733	462	0.5106
2	116 m/s	0.1523	Oakland	ferret	0.0709	0.9225	0.9063	744	955	203	0.3251
5	875 m/s	1.0405	Sacramento	cat	0.9249	0.1662	0.4593	425	698	473	0.3651
3	712 m/s	0.3774	Modesto	fish	0.9207	0.7598	0.7126	1047	837	280	0.7152
4	825 m/s	0.4573	Oakland	fish	-0.0739	0.3098	0.0459	20	455	893	0.6173
1	262 m/s	0.6128	Los Angeles	hamster, reptile	0.3993	0.5708	0.4003	267	-157	270	1.0566
2	158 m/s	0.1735	San Jose	dog, rat	0.283	0.9102	1.2043	476	798	166	0.4451
3	655 m/s	-0.1204	San Diego	pig	0.6296	0.6743	0.7817	740	998	134	0.9478
1	276 m/s	0.5336	Los Angeles	hamster, guinea pig	0.6412	0.4467	0.1674	191	-91	162	0.894
3	454 m/s	0.1039	Moreno Valley	fish	0.8818	0.8437	0.5714	1053	816	267	0.8148
2	220 m/s	0.1729	San Jose	dog	0.2232	1.1271	1.0875	306	574	161	0.4278
5	917 m/s	0.8647	Santa Clarita	cat	1.0888	-0.0003	0.1417	564	629	625	0.5123
1	294 m/s	0.4272	Modesto	reptile, guinea pig	0.745	0.6733	-0.0759	176	1	79	0.8174
0	391 m/s	0.6797	Santa Clarita	chicken	0.4319	0.3977	0.7485	1054	306	891	0.0933
3	485 m/s	0.2279	moreno valley	fish	0.7915	0.5045	0.7749	NULL	987	278	0.6431
2	94 m/s	0.4887	Riverside	rat	0.2101	1.0248	1.0773	548	311	24	0.6295
2	46 m/s	0.2568	San Jose	rat, ferret	-0.0061	1.0624	1.0147	809	657	242	0.4555
1	329 m/s	0.4176	Los Angeles	bird	NULL	0.4715	0.4443	-144	-66	209	0.5605
0	719 m/s	0.589	Modesto	pig	0.4982	0.4646	0.5828	579	260	743	0.2418
1	557 m/s	0.3896	Fremont	reptile, guinea pig	0.2001	0.5545	0.1786	430	-128	461	0.8428
0	502 m/s	0.4946	Modesto	pig	0.3052	0.279	0.5491	1059	170	720	-0.1113
3	501 m/s	0.1075	San Francisco	pig	0.6445	1.0085	0.4174	1275	821	388	0.8373
1	239 m/s	0.5826	long beach	hamster, reptile	0.4935	0.5759	0.2287	409	362	475	1.2007
4	843 m/s	0.6421	Stockton	cat	0.0551	0.3764	0.06	-17	225	1180	0.9028
3	506 m/s	0.1772	Santa Ana	pig	1.0537	0.6887	0.599	660	1114	358	0.9233
3	475 m/s	0.0957	Moreno Valley	fish	0.8527	0.777	0.6284	992	866	352	0.5904
2	119 m/s	0.1306	Los Angeles	ferret, rat	0.2539	1.0255	0.7457	664	799	12	0.1992
1	199 m/s	0.6964	los angeles	guinea pig	0.5943	0.388	0.4328	36	-56	249	1.243
1	290 m/s	0.2986	Long Beach	hamster, reptile	0.6596	0.5622	0.4038	299	489	318	0.8864
3	312 m/s	0.2431	Moreno Valley	fish	0.9957	0.7377	0.3508	756	967	442	0.9041
5	837 m/s	n/a	San Diego	cat	0.9122	0.3252	0.0857	448	400	534	0.4862
2	295 m/s	0.3687	Riverside	dog, ferret	0.257	0.8649	1.1201	372	799	297	0.3292
2	180 m/s	0.3791	Riverside	ferret	0.0556	0.9791	0.9808	575	796	224	0.2583
2	149 m/s	0.1156	Modesto	dog, ferret	0.1086	1.021	0.899	262	875	201	0.3875
2	155 m/s	0.0264	Anaheim	dog, ferret	0.1651	1.1458	0.8472	849	1067	138	0.4123
1	449 m/s	0.4933	Los Angeles	Guinea Pig	0.5823	0.5226	0.1952	334	-224	181	0.8965
0	617 m/s	0.7771	Santa Clarita	CHICKEN	0.4428	0.3725	0.5674	891	222	877	0.2334
1	271 m/s	0.4135	Fremont	guinea pig	0.5332	0.5968	0.1829	272	130	273	0.7936
3	650 m/s	0.0256	San Francisco	fish	1.0249	0.7244	0.5001	931	823	502	0.8137
1	241 m/s	0.4185	Long Beach	HAMSTER, REPTILE	0.3679	0.4191	0.3459	175	-120	360	0.8512
0	590 m/s	0.5584	Santa Clarita	chicken	0.348	0.3934	0.5805	1094	329	836	-0.0779
0	762 m/s	0.4554	Santa Clarita	rabbit	0.5269	0.3635	0.7844	883	258	816	0.3052
0	603 m/s	0.7908	Riverside	pig	0.5009	0.5019	0.7009	714	124	777	-0.0703
3	513 m/s	0.2132	San Francisco	fish	0.934	0.4375	0.5302	793	713	520	0.9474
3	435 m/s	0.1024	San Diego	fish	0.929	0.483	0.5162	1006	718	435	0.8582
4	891 m/s		Chula Vista	rabbit	0.3104	0.3823	0.1611	57	72	978	0.8194
2	85 m/s	0.4607	Anaheim	dog, ferret	-0.0532	1.1088	0.8944	677	999	-64	0.1253
2	293 m/s	0.2329	San Jose	rat	-0.109	0.8615	0.9526	570	840	207	0.3918
5	933 m/s	1.0678	Modesto	bird	0.8635	0.0634	0.3266	375	472	589	0.2914
4	748 m/s	0.6658	Sacramento	rabbit	0.2245	0.5173	-0.0531	484	372	1245	0.6218
5	887 m/s	0.9331	Sacramento	n/a	0.8646	-0.1243	0.7151	333	578	624	0.4687
1	402 m/s		Fremont	guinea pig	0.5274	0.5787	0.349	396	89	291	1.0224
5	918 m/s	1.0388	San Francisco	bird	0.9024	0.1307	0.3442	533	896	687	0.5379
2	334 m/s	0.1511	Riverside	cat	0.109	0.9514	0.7777	636	806	290	0.2602
2	257 m/s	0.192	Moreno Valley	rabbit	0.1019	0.8844	1.0338	368	907	118	0.4429
4	791 m/s	0.5044	San Francisco	rabbit	0.2957	0.7103	0.1714	247	662	835	0.3674
5	690 m/s	0.7909	San Diego	cat	0.8549	0.1673	0.442	254	628	595	0.3433
0	400 m/s	0.4848	Modesto	pig	0.1536	0.5124	0.8175	747	414	750	0.2281
3	375 m/s	0.2277	San Francisco	fish	0.9215	0.6923	0.6465	924	1007	426	0.7659
3	692 m/s	0.1501	Santa Clarita	dog	1.0156	0.73	0.6436	956	612	253	0.5227
5	737 m/s	1.0301	San Diego	cat	0.7352	0.1286	0.3284	313	415	729	0.449
3	443 m/s	0.121	San Francisco	fish	0.937	0.8605	0.6614	919	827	390	0.9236
1	324 m/s	0.5817	Irvine	hamster	0.5828	0.4793	0.4909	306	-19	231	0.933
3	504 m/s	0.3521	San Diego	fish	0.9984	0.5477	0.7418	1128	847	467	0.8621
0	553 m/s	0.623	sANTA cLARITA	pig	0.6373	0.4536	0.7042	714	448	679	0.1896
4	613 m/s	0.5304	Oakland	rabbit	0.0518	0.187	0.0915	139	476	1005	0.9103
0	608 m/s	0.8386	Modesto	chicken	0.557	0.4447	0.8762	780	28	970	0.3076
2	181 m/s	0.3481	Riverside	hamster, reptile	0.1248	0.8193	0.9679	527	848	-42	0.359
2	112 m/s	0.1052	San Jose	ferret	-0.1639	0.8916	0.8591	652	1122	203	0.4254
4	745 m/s	0.7361	San Bernardino	rabbit	0.3129	0.4836	-0.1044	274	478	904	0.5572
0	617 m/s	0.7217	Modesto	pig	0.4899	0.2271	0.5495	986	79	766	0.0926
1	360 m/s	0.5202	Irvine	guinea pig, reptile	0.772	0.4142	0.4451	369	289	187	0.7871
5	1035 m/s	1.0546	San Diego	bird	1.0031	0.1272	0.4776	67	755	700	0.3477
5	1038 m/s	1.2515	Bakersfield	cat	0.9645	0.1577	0.2432	403	373	656	0.5928
4	810 m/s	0.8586	Oakland	rabbit	-0.1449	0.4027	0.2753	218	408	811	0.4507
5	1025 m/s	0.6986	Sacramento	cat	1.079	0.091	0.299	420	536	1004	0.4603
1	413 m/s	0.4735	Fremont	reptile, guinea pig	0.7533	0.5815	0.2131	351	159	110	0.9386
2	269 m/s	0.3826	Los Angeles	dog	0.0438	0.902	0.968	357	595	107	0.3974
1	251 m/s	0.4532	Long Beach	guinea pig, reptile	0.4374	0.6342	0.3911	276	107	189	1.0959
4	791 m/s	0.4624	None	rabbit	0.4612	0.6095	0.0868	334	248	954	0.9449
5	941 m/s	0.9154	Bakersfield	CAT	0.868	-0.0699	0.3309	389	560	620	0.5454
2	308 m/s	0.1789	Riverside	rat	-0.0662	0.9331	0.8918	589	732	294	0.2135
3	488 m/s	0.0409	Santa Ana	fish	0.9542	0.9018	0.6026	989	726	281	0.8388
4	825 m/s	0.689	Santa Clarita	pig	0.4646	0.3299	-0.0432	214	413	1093	0.8729
2	211 m/s	0.2847	Anaheim	rat, dog	0.0558	0.8812	1.0644	298	720	250	0.5417
1	389 m/s	0.2411	Irvine	guinea pig	0.4756	0.4327	0.3175	594	118	381	0.9752
1	291 m/s	0.4557	Los Angeles	GUINEA PIG	0.5178	0.5166	-0.0049	328	145	160	0.8783
3	342 m/s	0.2304	Santa Ana	fish	0.9119	0.5694	0.7271	899	707	533	0.8161
0	593 m/s	0.6472	Santa Clarita	pig	0.3781	0.5418	0.5834	786	501	766	0.1778
2	-75 m/s	0.2738	Anaheim	dog	0.1368	1.0775	1.1718	630	702	161	0.123
5	961 m/s	1.0198	Los Angeles	cat	0.8745	0.3105	0.3222	377	841	435	0.4279
1	260 m/s	0.6039	Fremont	cat	0.6088	0.6845	0.2506	115	279	-18	0.8231
1	409 m/s	0.4503	Irvine	pig	0.5329	0.4919	0.4714	345	195	286	1.0553
3	329 m/s	0.1065	San Francisco	rat	0.9989	0.7014	0.4904	1010	836	431	0.7988
5	790 m/s	1.019	Bakersfield	bird		0.0963	0.4592	324	741	565	0.3286
5	970 m/s	1.1482	San Diego	bird	0.5933	0.1206	NULL	359	388	496	0.4374
5	917 m/s	0.956	Santa Ana	bird	0.8685	-0.2202	0.3467	361	619	415	0.4882
0	637 m/s	0.8919	Modesto	chicken	0.3003	0.2408	0.6248	812	109	831	0.0372
1	276 m/s	0.6011	Fremont	chicken	0.6784	0.5224	0.0824	116	21	170	1.0556
2	94 m/s	0.37	Riverside	rat	0.082	1.1358	0.9671	611	840	291	0.3333
4	652 m/s	0.7302	Stockton	rabbit	0.1476	0.1631	0.1196	282	366	805	0.7336
2	25 m/s	0.1057	Anaheim	ferret, rat	-0.0196	1.1136	1.0711	577	643	161	0.2517
2	150 m/s	0.3377	Anaheim	dog	0.1233	0.8875	0.8842	612	562	70	0.2834
3	517 m/s	-0.1361	Riverside	fish	1.0242	0.696	0.5724	1170	1135	370	0.9998
0	526 m/s	0.5954	Modesto	pig	0.5758	0.2512	0.4069	649	155	771	0.2764
3	476 m/s	0.1476	Moreno Valley	fish	0.6794	0.7108	0.6326	816	970	314	0.6307
0	712 m/s	0.7429	Santa Clarita	pig	0.6317	0.3393	0.6787	479	399	888	0.1692
3	561 m/s	0.0443	?	fish	1.2074	0.6702	0.4895	801	586	368	0.6287
